   0.0000000000000000       -12.998199742107669     
   3.7564896548722734E-007  -12.998217283360392     
   7.5602301328312340E-007  -12.998235045254912     
   1.1411815776065361E-006  -12.998240967748286     
   1.5311848402667522E-006  -12.998243926971089     
   1.9260937400670221E-006  -12.998245702090719     
   2.3259699823264033E-006  -12.998246887801747     
   2.7308760485212949E-006  -12.998247732129871     
   3.1408752060483257E-006  -12.998248365692922     
   3.5560315181100115E-006  -12.998248858565644     
   3.9764098537247500E-006  -12.998249253035864     
   4.4020758978627546E-006  -12.998249575949597     
   4.8330961617094387E-006  -12.998249844931182     
   5.2695379930579550E-006  -12.998250070921040     
   5.7114695868323910E-006  -12.998250265950341     
   6.1589599957433956E-006  -12.998250433867439     
   6.6120791410777875E-006  -12.998250581658738     
   7.0708978236239014E-006  -12.998250711898235     
   7.5354877347343580E-006  -12.998250827307285     
   8.0059214675279869E-006  -12.998250930023881     
   8.4822725282326312E-006  -12.998251023086725     
   8.9646153476706887E-006  -12.998251106383782     
   9.4530252928890151E-006  -12.998251182346037     
   9.9475786789352432E-006  -12.998251251641319     
   1.0448352780782103E-005  -12.998251315472158     
   1.0955425845401845E-005  -12.998251373686452     
   1.1468877103992474E-005  -12.998251427490384     
   1.1988786784357759E-005  -12.998251476919007     
   1.2515236123443031E-005  -12.998251523067918     
   1.3048307380028585E-005  -12.998251565891922     
   1.3588083847582795E-005  -12.998251605511852     
   1.4134649867276917E-005  -12.998251642567826     
   1.4688090841163524E-005  -12.998251677185003     
   1.5248493245520766E-005  -12.998251709750743     
   1.5815944644364461E-005  -12.998251740165152     
   1.6390533703130180E-005  -12.998251768898857     
   1.6972350202527367E-005  -12.998251795721725     
   1.7561485052567756E-005  -12.998251821446024     
   1.8158030306770282E-005  -12.998251845105189     
   1.8762079176544591E-005  -12.998251867777242     
   1.9373726045755525E-005  -12.998251889113970     
   1.9993066485470815E-005  -12.998251909268378     
   2.0620197268894219E-005  -12.998251928411431     
   2.1255216386486544E-005  -12.998251946571436     
   2.1898223061276894E-005  -12.998251963593567     
   2.2549317764366392E-005  -12.998251979924971     
   2.3208602230627074E-005  -12.998251995410435     
   2.3876179474598093E-005  -12.998252010206999     
   2.4552153806582049E-005  -12.998252024030041     
   2.5236630848943566E-005  -12.998252037146772     
   2.5929717552613104E-005  -12.998252049909716     
   2.6631522213798218E-005  -12.998252061901949     
   2.7342154490905031E-005  -12.998252073234820     
   2.8061725421672647E-005  -12.998252083883864     
   2.8790347440522970E-005  -12.998252094198337     
   2.9528134396128838E-005  -12.998252103881400     
   3.0275201569203109E-005  -12.998252113228196     
   3.1031665690511498E-005  -12.998252121943288     
   3.1797644959111990E-005  -12.998252130364985     
   3.2573259060823698E-005  -12.998252138155312     
   3.3358629186928024E-005  -12.998252145492401     
   3.4153878053105020E-005  -12.998252152646064     
   3.4959129918607965E-005  -12.998252159251333     
   3.5774510605679151E-005  -12.998252165489868     
   3.6600147519209815E-005  -12.998252171416175     
   3.7436169666647484E-005  -12.998252176846002     
   3.8282707678153617E-005  -12.998252182039309     
   3.9139893827014762E-005  -12.998252186835078     
   4.0007862050310670E-005  -12.998252191474293     
   4.0886747969842104E-005  -12.998252195546184     
   4.1776688913322128E-005  -12.998252199448824     
   4.2677823935833729E-005  -12.998252202961917     
   4.3590293841557566E-005  -12.998252206254167     
   4.4514241205772845E-005  -12.998252209206782     
   4.5449810397134982E-005  -12.998252211801363     
   4.6397147600233593E-005  -12.998252214211123     
   4.7356400838434024E-005  -12.998252216387403     
   4.8327719997006345E-005  -12.998252218111448     
   4.9311256846545269E-005  -12.998252219558527     
   5.0307165066684542E-005  -12.998252220849773     
   5.1315600270109741E-005  -12.998252221732180     
   5.2336720026873101E-005  -12.998252222398454     
   5.3370683889014117E-005  -12.998252222774818     
   5.4417653415489831E-005  -12.998252222971180     
   5.5477792197418820E-005  -12.998252222781678     
   5.6551265883642666E-005  -12.998252222305174     
   5.7638242206608806E-005  -12.998252221599273     
   5.8738891008579234E-005  -12.998252220620095     
   5.9853384268168471E-005  -12.998252219351174     
   6.0981896127215819E-005  -12.998252217853503     
   6.2124602917995210E-005  -12.998252215997342     
   6.3281683190767610E-005  -12.998252213942258     
   6.4453317741679689E-005  -12.998252211427200     
   6.5639689641013742E-005  -12.998252208859318     
   6.6840984261792733E-005  -12.998252205879671     
   6.8057389308745210E-005  -12.998252202647487     
   6.9289094847634609E-005  -12.998252199105551     
   7.0536293334957212E-005  -12.998252195266579     
   7.1799179648014165E-005  -12.998252191149147     
   7.3077951115361239E-005  -12.998252186712044     
   7.4372807547641874E-005  -12.998252181964274     
   7.5683951268808069E-005  -12.998252176995827     
   7.7011587147733724E-005  -12.998252171537592     
   7.8355922630226048E-005  -12.998252165885981     
   7.9717167771439274E-005  -12.998252159878382     
   8.1095535268696156E-005  -12.998252153497782     
   8.2491240494722505E-005  -12.998252146813305     
   8.3904501531299402E-005  -12.998252139801199     
   8.5335539203339159E-005  -12.998252132444192     
   8.6784577113389481E-005  -12.998252124730449     
   8.8251841676571937E-005  -12.998252116634550     
   8.9737562155959679E-005  -12.998252108186687     
   9.1241970698400311E-005  -12.998252099377567     
   9.2765302370789333E-005  -12.998252090153619     
   9.4307795196799809E-005  -12.998252080533407     
   9.5869690194074039E-005  -12.998252070586542     
   9.7451231411883104E-005  -12.998252060120281     
   9.9052665969259827E-005  -12.998252049364645     
   1.0067424409361203E-004  -12.998252038089603     
   1.0231621915982074E-004  -12.998252026415303     
   1.0397884772983070E-004  -12.998252014290081     
   1.0566238959273864E-004  -12.998252001737034     
   1.0736710780538574E-004  -12.998251988692548     
   1.0909326873346107E-004  -12.998251975208321     
   1.1084114209312155E-004  -12.998251961216894     
   1.1261100099313565E-004  -12.998251946728656     
   1.1440312197755738E-004  -12.998251931750511     
   1.1621778506893661E-004  -12.998251916254622     
   1.1805527381207330E-004  -12.998251900221675     
   1.1991587531832202E-004  -12.998251883615092     
   1.2179988031045351E-004  -12.998251866550227     
   1.2370758316808086E-004  -12.998251848826143     
   1.2563928197365678E-004  -12.998251830541344     
   1.2759527855904973E-004  -12.998251811664291     
   1.2957587855270570E-004  -12.998251792196090     
   1.3158139142740324E-004  -12.998251772106716     
   1.3361213054860935E-004  -12.998251751313436     
   1.3566841322344318E-004  -12.998251729924931     
   1.3775056075025622E-004  -12.998251707867480     
   1.3985889846883574E-004  -12.998251685082570     
   1.4199375581123972E-004  -12.998251661621707     
   1.4415546635327133E-004  -12.998251637446707     
   1.4634436786660073E-004  -12.998251612501202     
   1.4856080237154274E-004  -12.998251586802496     
   1.5080511619049817E-004  -12.998251560363057     
   1.5307766000206732E-004  -12.998251533083375     
   1.5537878889584428E-004  -12.998251505001882     
   1.5770886242790034E-004  -12.998251476095543     
   1.6006824467696546E-004  -12.998251446300594     
   1.6245730430131629E-004  -12.998251415671168     
   1.6487641459637971E-004  -12.998251384086053     
   1.6732595355306110E-004  -12.998251351597061     
   1.6980630391680591E-004  -12.998251318177507     
   1.7231785324740492E-004  -12.998251283769571     
   1.7486099397955076E-004  -12.998251248373954     
   1.7743612348415693E-004  -12.998251211944741     
   1.8004364413044767E-004  -12.998251174435367     
   1.8268396334882893E-004  -12.998251135900388     
   1.8535749369455042E-004  -12.998251096246964     
   1.8806465291216798E-004  -12.998251055463950     
   1.9080586400081715E-004  -12.998251013498979     
   1.9358155528030756E-004  -12.998250970368780     
   1.9639216045804872E-004  -12.998250926007303     
   1.9923811869681802E-004  -12.998250880405285     
   2.0211987468338039E-004  -12.998250833481968     
   2.0503787869797154E-004  -12.998250785262131     
   2.0799258668465571E-004  -12.998250735713414     
   2.1098446032256701E-004  -12.998250684759688     
   2.1401396709804860E-004  -12.998250632373036     
   2.1708158037769755E-004  -12.998250578556171     
   2.2018777948232994E-004  -12.998250523216022     
   2.2333304976187559E-004  -12.998250466371154     
   2.2651788267121458E-004  -12.998250407941828     
   2.2974277584696882E-004  -12.998250347900141     
   2.3300823318525801E-004  -12.998250286187485     
   2.3631476492043477E-004  -12.998250222796633     
   2.3966288770481013E-004  -12.998250157649638     
   2.4305312468938072E-004  -12.998250090718235     
   2.4648600560557316E-004  -12.998250021961653     
   2.4996206684801470E-004  -12.998249951324945     
   2.5348185155834641E-004  -12.998249878759832     
   2.5704590971009059E-004  -12.998249804208436     
   2.6065479819458440E-004  -12.998249727623575     
   2.6430908090799613E-004  -12.998249648972436     
   2.6800932883943424E-004  -12.998249568186258     
   2.7175612016016611E-004  -12.998249485215359     
   2.7555004031395888E-004  -12.998249399982145     
   2.7939168210855495E-004  -12.998249312449046     
   2.8328164580830107E-004  -12.998249222542341     
   2.8722053922793919E-004  -12.998249130247865     
   2.9120897782757986E-004  -12.998249035433870     
   2.9524758480886903E-004  -12.998248938072862     
   2.9933699121236396E-004  -12.998248838102350     
   3.0347783601613514E-004  -12.998248735450858     
   3.0767076623560796E-004  -12.998248630039296     
   3.1191643702465954E-004  -12.998248521804005     
   3.1621551177798886E-004  -12.998248410675137     
   3.2056866223477247E-004  -12.998248296567450     
   3.2497656858362570E-004  -12.998248179431194     
   3.2943991956888377E-004  -12.998248059136687     
   3.3395941259821860E-004  -12.998247935654813     
   3.3853575385161134E-004  -12.998247808889532     
   3.4316965839169321E-004  -12.998247678751643     
   3.4786185027547631E-004  -12.998247545124105     
   3.5261306266748908E-004  -12.998247407957882     
   3.5742403795433386E-004  -12.998247267156948     
   3.6229552786068761E-004  -12.998247122623626     
   3.6722829356675916E-004  -12.998246974242049     
   3.7222310582722559E-004  -12.998246821945520     
   3.7728074509166509E-004  -12.998246665619478     
   3.8240200162650210E-004  -12.998246505138102     
   3.8758767563848998E-004  -12.998246340424933     
   3.9283857739974315E-004  -12.998246171363480     
   3.9815552737434463E-004  -12.998245997832047     
   4.0353935634654587E-004  -12.998245819731595     
   4.0899090555057682E-004  -12.998245636925967     
   4.1451102680209223E-004  -12.998245449299864     
   4.2010058263126823E-004  -12.998245256753467     
   4.2576044641757501E-004  -12.998245059128282     
   4.3149150252624468E-004  -12.998244856301241     
   4.3729464644645362E-004  -12.998244648150154     
   4.4317078493124652E-004  -12.998244434525740     
   4.4912083613921647E-004  -12.998244215293466     
   4.5514572977796989E-004  -12.998243990312144     
   4.6124640724939605E-004  -12.998243759429821     
   4.6742382179676135E-004  -12.998243522492613     
   4.7367893865365735E-004  -12.998243279347266     
   4.8001273519481880E-004  -12.998243029843938     
   4.8642620108884125E-004  -12.998242773798721     
   4.9292033845281947E-004  -12.998242511065072     
   4.9949616200892851E-004  -12.998242241449510     
   5.0615469924297795E-004  -12.998241964797000     
   5.1289699056495741E-004  -12.998241680917481     
   5.1972408947160303E-004  -12.998241389625102     
   5.2663706271100918E-004  -12.998241090736887     
   5.3363699044930871E-004  -12.998240784041849     
   5.4072496643945268E-004  -12.998240469354993     
   5.4790209819210978E-004  -12.998240146465408     
   5.5516950714871831E-004  -12.998239815156493     
   5.6252832885671364E-004  -12.998239475220892     
   5.6997971314695888E-004  -12.998239126444696     
   5.7752482431340990E-004  -12.998238768587738     
   5.8516484129503678E-004  -12.998238401421819     
   5.9290095786003656E-004  -12.998238024715286     
   6.0073438279236195E-004  -12.998237638210341     
   6.0866634008059574E-004  -12.998237241668031     
   6.1669806910920214E-004  -12.998236834818051     
   6.2483082485218237E-004  -12.998236417415892     
   6.3306587806916722E-004  -12.998235989172395     
   6.4140451550397668E-004  -12.998235549821034     
   6.4984804008567465E-004  -12.998235099075425     
   6.5839777113215576E-004  -12.998234636641888     
   6.6705504455629068E-004  -12.998234162220422     
   6.7582121307466474E-004  -12.998233675507088     
   6.8469764641894448E-004  -12.998233176192338     
   6.9368573154989866E-004  -12.998232663941828     
   7.0278687287411582E-004  -12.998232138428333     
   7.1200249246344436E-004  -12.998231599321761     
   7.2133403027719364E-004  -12.998231046268971     
   7.3078294438713319E-004  -12.998230478912079     
   7.4035071120531586E-004  -12.998229896880975     
   7.5003882571477343E-004  -12.998229299813049     
   7.5984880170310845E-004  -12.998228687308698     
   7.6978217199902711E-004  -12.998228058986792     
   7.7984048871184851E-004  -12.998227414435881     
   7.9002532347402206E-004  -12.998226753246813     
   8.0033826768670141E-004  -12.998226074981885     
   8.1078093276840135E-004  -12.998225379219141     
   8.2135495040678598E-004  -12.998224665504647     
   8.3206197281362527E-004  -12.998223933384075     
   8.4290367298295310E-004  -12.998223182383990     
   8.5388174495247928E-004  -12.998222412020684     
   8.6499790406828372E-004  -12.998221621802259     
   8.7625388725284391E-004  -12.998220811226082     
   8.8765145327643368E-004  -12.998219979766141     
   8.9919238303193196E-004  -12.998219126895181     
   9.1087847981309404E-004  -12.998218252055977     
   9.2271156959631716E-004  -12.998217354703648     
   9.3469350132595417E-004  -12.998216434248183     
   9.4682614720321588E-004  -12.998215490111299     
   9.5911140297870402E-004  -12.998214521683117     
   9.7155118824862889E-004  -12.998213528346499     
   9.8414744675474745E-004  -12.998212509464500     
   9.9690214668807817E-004  -12.998211464384058     
   1.0098172809964358E-003  -12.998210392444088     
   1.0228948676958315E-003  -12.998209292951415     
   1.0361369501857948E-003  -12.998208165210920     
   1.0495455975686550E-003  -12.998207008496312     
   1.0631229049728453E-003  -12.998205822068673     
   1.0768709938802721E-003  -12.998204605175808     
   1.0907920124577969E-003  -12.998203357041278     
   1.1048881358928955E-003  -12.998202076861585     
   1.1191615667335336E-003  -12.998200763825466     
   1.1336145352323188E-003  -12.998199417097654     
   1.1482492996949846E-003  -12.998198035811907     
   1.1630681468332523E-003  -12.998196619097747     
   1.1780733921221372E-003  -12.998195166043045     
   1.1932673801617437E-003  -12.998193675732235     
   1.2086524850436150E-003  -12.998192147207302     
   1.2242311107216908E-003  -12.998190579497434     
   1.2400056913879276E-003  -12.998188971605451     
   1.2559786918526488E-003  -12.998187322510644     
   1.2721526079296742E-003  -12.998185631158126     
   1.2885299668262962E-003  -12.998183896477311     
   1.3051133275381634E-003  -12.998182117360541     
   1.3219052812491251E-003  -12.998180292679482     
   1.3389084517361133E-003  -12.998178421272124     
   1.3561254957791093E-003  -12.998176501953681     
   1.3735591035762724E-003  -12.998174533497602     
   1.3912119991642913E-003  -12.998172514658346     
   1.4090869408440153E-003  -12.998170444151576     
   1.4271867216114498E-003  -12.998168320663481     
   1.4455141695941638E-003  -12.998166142844513     
   1.4640721484931913E-003  -12.998163909313408     
   1.4828635580304928E-003  -12.998161618652876     
   1.5018913344020388E-003  -12.998159269407774     
   1.5211584507366009E-003  -12.998156860087956     
   1.5406679175603054E-003  -12.998154389166963     
   1.5604227832670347E-003  -12.998151855076340     
   1.5804261345947481E-003  -12.998149256210073     
   1.6006810971077872E-003  -12.998146590918997     
   1.6211908356852543E-003  -12.998143857516862     
   1.6419585550155296E-003  -12.998141054267718     
   1.6629875000970099E-003  -12.998138179396078     
   1.6842809567451469E-003  -12.998135231082600     
   1.7058422521058665E-003  -12.998132207459323     
   1.7276747551754343E-003  -12.998129106611758     
   1.7497818773268734E-003  -12.998125926575234     
   1.7721670728429973E-003  -12.998122665336155     
   1.7948338394561468E-003  -12.998119320831920     
   1.8177857188947241E-003  -12.998115890943501     
   1.8410262974365862E-003  -12.998112373504233     
   1.8645592064694134E-003  -12.998108766286009     
   1.8883881230581205E-003  -12.998105067006847     
   1.9125167705194021E-003  -12.998101273327515     
   1.9369489190035184E-003  -12.998097382849291     
   1.9616883860833763E-003  -12.998093393112118     
   1.9867390373510389E-003  -12.998089301593122     
   2.0121047870217327E-003  -12.998085105708203     
   2.0377895985454501E-003  -12.998080802802015     
   2.0637974852262503E-003  -12.998076390157102     
   2.0901325108493396E-003  -12.998071864986034     
   2.1167987903160500E-003  -12.998067224428938     
   2.1438004902868011E-003  -12.998062465554796     
   2.1711418298321480E-003  -12.998057585357826     
   2.1988270810920233E-003  -12.998052580756688     
   2.2268605699432616E-003  -12.998047448590762     
   2.2552466766755301E-003  -12.998042185620282     
   2.2839898366757570E-003  -12.998036788522088     
   2.3130945411211704E-003  -12.998031253890838     
   2.3425653376810567E-003  -12.998025578233108     
   2.3724068312273353E-003  -12.998019757967024     
   2.4026236845540857E-003  -12.998013789421117     
   2.4332206191061173E-003  -12.998007668829176     
   2.4642024157167015E-003  -12.998001392330631     
   2.4955739153545960E-003  -12.997994955966927     
   2.5273400198804427E-003  -12.997988355678437     
   2.5595056928127027E-003  -12.997981587303935     
   2.5920759601032128E-003  -12.997974646574962     
   2.6250559109224992E-003  -12.997967529116877     
   2.6584506984549815E-003  -12.997960230441386     
   2.6922655407041508E-003  -12.997952745949220     
   2.7265057213079055E-003  -12.997945070924198     
   2.7611765903641271E-003  -12.997937200528785     
   2.7962835652666418E-003  -12.997929129803476     
   2.8318321315517082E-003  -12.997920853663777     
   2.8678278437551303E-003  -12.997912366896594     
   2.9042763262801738E-003  -12.997903664154530     
   2.9411832742763885E-003  -12.997894739957701     
   2.9785544545294839E-003  -12.997885588685147     
   3.0163957063624111E-003  -12.997876204574087     
   3.0547129425477562E-003  -12.997866581715734     
   3.0935121502316293E-003  -12.997856714051236     
   3.1327993918691694E-003  -12.997846595368767     
   3.1725808061718098E-003  -12.997836219298632     
   3.2128626090664764E-003  -12.997825579309863     
   3.2536510946668232E-003  -12.997814668706148     
   3.2949526362567095E-003  -12.997803480621005     
   3.3367736872860375E-003  -12.997792008013946     
   3.3791207823791140E-003  -12.997780243666904     
   3.4220005383557078E-003  -12.997768180178131     
   3.4654196552649278E-003  -12.997755809958448     
   3.5093849174321276E-003  -12.997743125226277     
   3.5539031945189684E-003  -12.997730118003410     
   3.5989814425968188E-003  -12.997716780108627     
   3.6446267052336499E-003  -12.997703103154238     
   3.6908461145946213E-003  -12.997689078539572     
   3.7376468925564765E-003  -12.997674697445937     
   3.7850363518359882E-003  -12.997659950831316     
   3.8330218971325851E-003  -12.997644829424924     
   3.8816110262853416E-003  -12.997629323720799     
   3.9308113314445517E-003  -12.997613423971890     
   3.9806305002579919E-003  -12.997597120184656     
   4.0310763170721461E-003  -12.997580402111966     
   4.0821566641485252E-003  -12.997563259247432     
   4.1338795228952792E-003  -12.997545680818249     
   4.1862529751143258E-003  -12.997527655778741     
   4.2392852042641262E-003  -12.997509172803474     
   4.2929844967383784E-003  -12.997490220280078     
   4.3473592431607852E-003  -12.997470786301927     
   4.4024179396960957E-003  -12.997450858660853     
   4.4581691893776703E-003  -12.997430424839340     
   4.5146217034516952E-003  -12.997409472002927     
   4.5717843027383463E-003  -12.997387986991866     
   4.6296659190100614E-003  -12.997365956313192     
   4.6882755963871398E-003  -12.997343366132030     
   4.7476224927509225E-003  -12.997320202263170     
   4.8077158811747041E-003  -12.997296450162075     
   4.8685651513726870E-003  -12.997272094915726     
   4.9301798111671376E-003  -12.997247121233448     
   4.9925694879740003E-003  -12.997221513437237     
   5.0557439303072198E-003  -12.997195255451992     
   5.1197130093019331E-003  -12.997168330795475     
   5.1844867202568813E-003  -12.997140722567982     
   5.2500751841961825E-003  -12.997112413441794     
   5.3164886494507652E-003  -12.997083385650306     
   5.3837374932597035E-003  -12.997053620977013     
   5.4518322233916543E-003  -12.997023100743984     
   5.5207834797867438E-003  -12.996991805800313     
   5.5906020362190643E-003  -12.996959716510071     
   5.6612988019801008E-003  -12.996926812740053     
   5.7328848235833471E-003  -12.996893073847202     
   5.8053712864903169E-003  -12.996858478665658     
   5.8787695168583138E-003  -12.996823005493662     
   5.9530909833101628E-003  -12.996786632079752     
   6.0283472987262008E-003  -12.996749335609133     
   6.1045502220588299E-003  -12.996711092689258     
   6.1817116601698540E-003  -12.996671879335144     
   6.2598436696909635E-003  -12.996631670954606     
   6.3389584589076068E-003  -12.996590442332632     
   6.4190683896665525E-003  -12.996548167615876     
   6.5001859793074801E-003  -12.996504820296289     
   6.5823239026187984E-003  -12.996460373194635     
   6.6654949938181364E-003  -12.996414798443629     
   6.7497122485577080E-003  -12.996368067470344     
   6.8349888259549001E-003  -12.996320150978409     
   6.9213380506484394E-003  -12.996271018929756     
   7.0087734148803578E-003  -12.996220640525854     
   7.0973085806042054E-003  -12.996168984188404     
   7.1869573816197531E-003  -12.996116017539693     
   7.2777338257345430E-003  -12.996061707382296     
   7.3696520969526698E-003  -12.996006019678410     
   7.4627265576910117E-003  -12.995948919528558     
   7.5569717510234214E-003  -12.995890371149795     
   7.6524024029531014E-003  -12.995830337853336     
   7.7490334247135627E-003  -12.995768782021718     
   7.8468799150985674E-003  -12.995705665085227     
   7.9459571628212999E-003  -12.995640947497888     
   8.0462806489032934E-003  -12.995574588712726     
   8.1478660490933563E-003  -12.995506547156461     
   8.2507292363169383E-003  -12.995436780203539     
   8.3548862831563341E-003  -12.995365244149580     
   8.4603534643620162E-003  -12.995291894184009     
   8.5671472593956202E-003  -12.995216684362187     
   8.6752843550048971E-003  -12.995139567576636     
   8.7847816478310303E-003  -12.995060495527698     
   8.8956562470488155E-003  -12.994979418693370     
   9.0079254770399492E-003  -12.994896286298406     
   9.1216068801000302E-003  -12.994811046282658     
   9.2367182191795752E-003  -12.994723645268536     
   9.3532774806595002E-003  -12.994634028527754     
   9.4713028771615717E-003  -12.994542139947127     
   9.5908128503941082E-003  -12.994447921993684     
   9.7118260740335742E-003  -12.994351315678621     
   9.8343614566423626E-003  -12.994252260520646     
   9.9584381446233012E-003  -12.994150694508178     
   1.0084075525211339E-002  -12.994046554060693     
   1.0211293229502797E-002  -12.993939773989061     
   1.0340111135522793E-002  -12.993830287454950     
   1.0470549371331231E-002  -12.993718025929072     
   1.0602628318167820E-002  -12.993602919148538     
   1.0736368613636740E-002  -12.993484895072996     
   1.0871791154931247E-002  -12.993363879839745     
   1.1008917102098937E-002  -12.993239797717731     
   1.1147767881348039E-002  -12.993112571060271     
   1.1288365188395296E-002  -12.992982120256755     
   1.1430730991855998E-002  -12.992848363682977     
   1.1574887536676575E-002  -12.992711217650298     
   1.1720857347610445E-002  -12.992570596353520     
   1.1868663232737539E-002  -12.992426411817402     
   1.2018328287028117E-002  -12.992278573841928     
   1.2169875895951424E-002  -12.992126989946039     
   1.2323329739129673E-002  -12.991971565310127     
   1.2478713794038063E-002  -12.991812202716950     
   1.2636052339751307E-002  -12.991648802491097     
   1.2795369960737267E-002  -12.991481262436984     
   1.2956691550698379E-002  -12.991309477775209     
   1.3120042316461274E-002  -12.991133341077321     
   1.3285447781915444E-002  -12.990952742199021     
   1.3452933792001387E-002  -12.990767568211595     
   1.3622526516748916E-002  -12.990577703331661     
   1.3794252455366338E-002  -12.990383028849157     
   1.3968138440380931E-002  -12.990183423053500     
   1.4144211641831623E-002  -12.989978761157889     
   1.4322499571514370E-002  -12.989768915221749     
   1.4503030087280896E-002  -12.989553754071133     
   1.4685831397391611E-002  -12.989333143217268     
   1.4870932064923119E-002  -12.989106944772864     
   1.5058361012231309E-002  -12.988875017366546     
   1.5248147525470528E-002  -12.988637216054929     
   1.5440321259169578E-002  -12.988393392232613     
   1.5634912240865360E-002  -12.988143393539902     
   1.5831950875794649E-002  -12.987887063768182     
   1.6031467951645024E-002  -12.987624242762896     
   1.6233494643365515E-002  -12.987354766324207     
   1.6438062518037713E-002  -12.987078466104993     
   1.6645203539808258E-002  -12.986795169506482     
   1.6854950074883222E-002  -12.986504699571105     
   1.7067334896585445E-002  -12.986206874872735     
   1.7282391190475411E-002  -12.985901509404224     
   1.7500152559536564E-002  -12.985588412462040     
   1.7720653029425895E-002  -12.985267388528069     
   1.7943927053790415E-002  -12.984938237148429     
   1.8170009519650688E-002  -12.984600752809273     
   1.8398935752851966E-002  -12.984254724809514     
   1.8630741523583936E-002  -12.983899937130296     
   1.8865463051969913E-002  -12.983536168301278     
   1.9103137013726235E-002  -12.983163191263513     
   1.9343800545892981E-002  -12.982780773228985     
   1.9587491252636684E-002  -12.982388675536530     
   1.9834247211126046E-002  -12.981986653504270     
   2.0084106977481649E-002  -12.981574456278313     
   2.0337109592800308E-002  -12.981151826677749     
   2.0593294589255410E-002  -12.980718501036307     
   2.0852701996273856E-002  -12.980274209037212     
   2.1115372346790749E-002  -12.979818673548701     
   2.1381346683582800E-002  -12.979351610452047     
   2.1650666565681240E-002  -12.978872728466213     
   2.1923374074865585E-002  -12.978381728968150     
   2.2199511822238973E-002  -12.977878305808588     
   2.2479122954886219E-002  -12.977362145123307     
   2.2762251162615706E-002  -12.976832925139643     
   2.3048940684785909E-002  -12.976290315978281     
   2.3339236317217935E-002  -12.975733979450053     
   2.3633183419194969E-002  -12.975163568847780     
   2.3930827920549704E-002  -12.974578728732846     
   2.4232216328841091E-002  -12.973979094716565     
   2.4537395736621080E-002  -12.973364293236200     
   2.4846413828793028E-002  -12.972733941325215     
   2.5159318890062541E-002  -12.972087646378110     
   2.5476159812482028E-002  -12.971425005909280     
   2.5796986103090284E-002  -12.970745607306675     
   2.6121847891647915E-002  -12.970049027576504     
   2.6450795938470321E-002  -12.969334833086005     
   2.6783881642359071E-002  -12.968602579296988     
   2.7121157048633038E-002  -12.967851810493455     
   2.7462674857260696E-002  -12.967082059502605     
   2.7808488431094441E-002  -12.966292847408953     
   2.8158651804208745E-002  -12.965483683261416     
   2.8513219690343074E-002  -12.964654063773178     
   2.8872247491450984E-002  -12.963803473014279     
   2.9235791306356895E-002  -12.962931382096569     
   2.9603907939521498E-002  -12.962037248851006     
   2.9976654909917664E-002  -12.961120517497056     
   3.0354090460017875E-002  -12.960180618303990     
   3.0736273564894705E-002  -12.959216967243892     
   3.1123263941435907E-002  -12.958228965636005     
   3.1515122057675121E-002  -12.957215999783315     
   3.1911909142240263E-002  -12.956177440599069     
   3.2313687193920554E-002  -12.955112643224718     
   3.2720518991353961E-002  -12.954020946638668     
   3.3132468102836606E-002  -12.952901673255470     
   3.3549598896255250E-002  -12.951754128515265     
   3.3971976549145001E-002  -12.950577600463307     
   3.4399667058873491E-002  -12.949371359319297     
   3.4832737252952946E-002  -12.948134657036301     
   3.5271254799482357E-002  -12.946866726849054     
   3.5715288217720513E-002  -12.945566782811364     
   3.6164906888792391E-002  -12.944234019322828     
   3.6620181066530109E-002  -12.942867610643162     
   3.7081181888450186E-002  -12.941466710394138     
   3.7547981386868996E-002  -12.940030451053220     
   3.8020652500157862E-002  -12.938557943431819     
   3.8499269084139892E-002  -12.937048276141983     
   3.8983905923630074E-002  -12.935500515050396     
   3.9474638744120570E-002  -12.933913702719316     
   3.9971544223613036E-002  -12.932286857834308     
   4.0474700004599566E-002  -12.930618974618319     
   4.0984184706194630E-002  -12.928909022231878     
   4.1500077936419404E-002  -12.927155944158370     
   4.2022460304640664E-002  -12.925358657577755     
   4.2551413434166310E-002  -12.923516052721357     
   4.3087019974998968E-002  -12.921626992213763     
   4.3629363616750336E-002  -12.919690310399085     
   4.4178529101717844E-002  -12.917704812651268     
   4.4734602238125760E-002  -12.915669274668350     
   4.5297669913533074E-002  -12.913582441750174     
   4.5867820108409597E-002  -12.911443028059367     
   4.6445141909883254E-002  -12.909249715865490     
   4.7029725525660100E-002  -12.907001154770990     
   4.7621662298119406E-002  -12.904695960918051     
   4.8221044718586251E-002  -12.902332716181206     
   4.8827966441783249E-002  -12.899909967338015     
   4.9442522300464434E-002  -12.897426225221610     
   5.0064808320233058E-002  -12.894879963853958     
   5.0694921734545713E-002  -12.892269619559340     
   5.1332960999905447E-002  -12.889593590057698     
   5.1979025811245527E-002  -12.886850233537130     
   5.2633217117507160E-002  -12.884037867706709     
   5.3295637137412907E-002  -12.881154768826377     
   5.3966389375438538E-002  -12.878199170715726     
   5.4645578637985991E-002  -12.875169263740835     
   5.5333311049759325E-002  -12.872063193778422     
   5.6029694070347059E-002  -12.868879061156990     
   5.6734836511012993E-002  -12.865614919574709     
   5.7448848551698031E-002  -12.862268774993730     
   5.8171841758236302E-002  -12.858838584508609     
   5.8903929099787228E-002  -12.855322255192918     
   5.9645224966487366E-002  -12.851717642918826     
   6.0395845187324063E-002  -12.848022551151704     
   6.1155907048233919E-002  -12.844234729718778     
   6.1925529310429155E-002  -12.840351873551471     
   6.2704832228954024E-002  -12.836371621401065     
   6.3493937571475034E-002  -12.832291554526847     
   6.4292968637307393E-002  -12.828109195356800     
   6.5102050276680729E-002  -12.823822006120722     
   6.5921308910247403E-002  -12.819427387454345     
   6.6750872548835632E-002  -12.814922676974810     
   6.7590870813451734E-002  -12.810305147826854     
   6.8441434955533509E-002  -12.805572007199396     
   6.9302697877458616E-002  -12.800720394811954     
   7.0174794153310946E-002  -12.795747381370742     
   7.1057860049907856E-002  -12.790649966993966     
   7.1952033548092306E-002  -12.785425079605835     
   7.2857454364292570E-002  -12.780069573299155     
   7.3774263972353246E-002  -12.774580226666304     
   7.4702605625640961E-002  -12.768953741096585     
   7.5642624379427717E-002  -12.763186739043316     
   7.6594467113556261E-002  -12.757275762256706     
   7.7558282555390337E-002  -12.751217269983826     
   7.8534221303053570E-002  -12.745007637135396     
   7.9522435848960987E-002  -12.738643152418865     
   8.0523080603645852E-002  -12.732120016437797     
   8.1536311919886903E-002  -12.725434339757129     
   8.2562288117138755E-002  -12.718582140934403     
   8.3601169506269501E-002  -12.711559344516642     
   8.4653118414609971E-002  -12.704361779003079     
   8.5718299211317239E-002  -12.696985174772696     
   8.6796878333057895E-002  -12.689425161978102     
   8.7889024310014094E-002  -12.681677268404988     
   8.8994907792216679E-002  -12.673736917296749     
   9.0114701576209891E-002  -12.665599425145125     
   9.1248580632050394E-002  -12.657259999446204     
   9.2396722130647729E-002  -12.648713736423209     
   9.3559305471447127E-002  -12.639955618715209     
   9.4736512310460555E-002  -12.630980513032585     
   9.5928526588651988E-002  -12.621783167779574     
   9.7135534560677209E-002  -12.612358210643929     
   9.8357724823987733E-002  -12.602700146155305     
   9.9595288348298894E-002  -12.592803353211826     
  0.10084841850542889       -12.582662082575993     
  0.10211731109951465       -12.572270454340867     
  0.10340216439760519       -12.561622455367434     
  0.10470317916064259       -12.550711936693075     
  0.10602055867483069       -12.539532610913746     
  0.10735450878339844       -12.528078049541046     
  0.10870523791876463       -12.516341680331555     
  0.11007295713510434       -12.504316784596412     
  0.11145788014132799       -12.491996494490351     
  0.11286022333447314       -12.479373790276934     
  0.11428020583351638       -12.466441497583006     
  0.11571804951361260       -12.453192284628413     
  0.11717397904076171       -12.439618659444479     
  0.11864822190691464       -12.425712967084870     
  0.12014100846551883       -12.411467386814909     
  0.12165257196751068       -12.396873929312845     
  0.12318314859776318       -12.381924433857794     
  0.12473297751198829       -12.366610565517314     
  0.12630230087410727       -12.350923812347602     
  0.12789136389408848       -12.334855482583572     
  0.12950041486626132       -12.318396701850499     
  0.13112970520811426       -12.301538410386391     
  0.13277948949957760       -12.284271360280234     
  0.13445002552280358       -12.266586112743012     
  0.13614157430244486       -12.248473035399769     
  0.13785440014643921       -12.229922299618449     
  0.13958877068731007       -12.210923877876839     
  0.14134495692398250       -12.191467541172605     
  0.14312323326412923       -12.171542856486999     
  0.14492387756704667       -12.151139184304027     
  0.14674717118706998       -12.130245676197308     
  0.14859339901753735       -12.108851272488561     
  0.15046284953530298       -12.086944699986397     
  0.15235581484581392       -12.064514469812547     
  0.15427259072875152       -12.041548875325937     
  0.15621347668424662       -12.018035990152830     
  0.15817877597967908       -11.993963666334029     
  0.16016879569706169       -11.969319532598561     
  0.16218384678102432       -11.944090992773285     
  0.16422424408739877       -11.918265224344296     
  0.16629030643241480       -11.891829177177714     
  0.16838235664251786       -11.864769572415321     
  0.17050072160480892       -11.837072901554246     
  0.17264573231812358       -11.808725425728358     
  0.17481772394475009       -11.779713175204398     
  0.17701703586279852       -11.750021949111913     
  0.17924401171923113       -11.719637315418353     
  0.18149899948355575       -11.688544611168082     
  0.18378235150219863       -11.656728943001974     
  0.18609442455355854       -11.624175187977606     
  0.18843557990375309       -11.590867994708315     
  0.19080618336306945       -11.556791784842517     
  0.19320660534312056       -11.521930754900236     
  0.19563722091472482       -11.486268878497427     
  0.19809840986651078       -11.449789908974113     
  0.20059055676425877       -11.412477382455734     
  0.20311405101099256       -11.374314621362227     
  0.20566928690782163       -11.335284738401619     
  0.20825666371555382       -11.295370641067732     
  0.21087658571707979       -11.254555036680769     
  0.21352946228054187       -11.212820437989523     
  0.21621570792330111       -11.170149169370696     
  0.21893574237670363       -11.126523373653185     
  0.22168999065166714       -11.081925019603652     
  0.22447888310508854       -11.036335910111527     
  0.22730285550708698       -10.989737691099432     
  0.23016234910909641       -10.942111861191128     
  0.23305781071280907       -10.893439782188048     
  0.23598969273999179       -10.843702690393190     
  0.23895845330317672       -10.792881708813223     
  0.24196455627724101       -10.740957860283885     
  0.24500847137189111       -10.687912081558499     
  0.24809067420505262       -10.633725238400519     
  0.25121164637718951       -10.578378141736829     
  0.25437187554655372       -10.521851564915263     
  0.25757185550538170       -10.464126262098025     
  0.26081208625705316       -10.405182987846018     
  0.26409307409421451       -10.345002517956202     
  0.26741533167789105       -10.283565671592594     
  0.27077937811758990       -10.220853334754185     
  0.27418573905241039       -10.156846485140054     
  0.27763494673317995       -10.091526218463670     
  0.28112754010561514       -10.024873776266993     
  0.28466406489453666       -9.9568705752920970     
  0.28824507368913838       -9.8874982384603385     
  0.29187112602932902       -9.8167386275052468     
  0.29554278849316518       -9.7445738773253296     
  0.29926063478537568       -9.6709864321167274     
  0.30302524582700829       -9.5959590833230166     
  0.30683720984619789       -9.5194750094533909     
  0.31069712247007703       -9.4415178178361412     
  0.31460558681784728       -9.3620715883563506     
  0.31856321359501366       -9.2811209192188304     
  0.32257062118881258       -9.1986509747884568     
  0.32662843576483425       -9.1146475355540009     
  0.33073729136486063       -9.0290970502593346     
  0.33489783000594009       -8.9419866902435015     
  0.33911070178069863       -8.8533044060297676     
  0.34337656495892294       -8.7630389861885227     
  0.34769608609041408       -8.6711801185122095     
  0.35206994010913584       -8.5777184535232234     
  0.35649881043867848       -8.4826456703383553     
  0.36098338909904043       -8.3859545448959540     
  0.36552437681476191       -8.2876390205604356     
  0.37012248312441287       -8.1876942810973237     
  0.37477842649145782       -8.0861168260159584     
  0.37949293441652171       -7.9829045482523986     
  0.38426674355105828       -7.8780568141763698     
  0.38910059981245781       -7.7715745458834160     
  0.39399525850059652       -7.6634603057158257     
  0.39895148441585121       -7.5537183829459620     
  0.40397005197860603       -7.4423548825575887     
  0.40905174535025168       -7.3293778160373888     
  0.41419735855571693       -7.2147971940527098     
  0.41940769560753471       -7.0986251208967532     
  0.42468357063146839       -6.9808758905823689     
  0.43002580799372586       -6.8615660843984418     
  0.43543524242976228       -6.7407146697223448     
  0.44091271917471536       -6.6183430999806330     
  0.44645909409546902       -6.4944754153846276     
  0.45207523382438952       -6.3691383443177338     
  0.45776201589473658       -6.2423614050458465     
  0.46352032887777678       -6.1141770074077453     
  0.46935107252163077       -5.9846205542055086     
  0.47525515789185407       -5.8537305418893375     
  0.48123350751379840       -5.7215486601857535     
  0.48728705551675627       -5.5881198901502085     
  0.49341674777991729       -5.4534926002691222     
  0.49962354208017040       -5.3177186400518819     
  0.50590840824175110       -5.1808534305827791     
  0.51227232828778446       -5.0429560514604619     
  0.51871629659372642       -4.9040893235045466     
  0.52524132004273316       -4.7643198865564926     
  0.53184841818299544       -4.6237182716849299     
  0.53853862338703840       -4.4823589670794473     
  0.54531298101303738       -4.3403204767766974     
  0.55217254956815476       -4.1976853714779514     
  0.55911840087393150       -4.0545403305432322     
  0.56615162023376731       -3.9109761742568372     
  0.57327330660249443       -3.7670878854490608     
  0.58048457275809817       -3.6229746194422208     
  0.58778654547558784       -3.4787397013430512     
  0.59518036570305455       -3.3344906096187552     
  0.60266718873995362       -3.1903389448474249     
  0.61024818441761453       -3.0464003825599288     
  0.61792453728203656       -2.9027946090246131     
  0.62569744677897376       -2.7596452388433406     
  0.63356812744134683       -2.6170797131646095     
  0.64153780907902436       -2.4752291773670820     
  0.64960773697097474       -2.3342283370516519     
  0.65777917205985037       -2.1942152911886477     
  0.66605339114900985       -2.0553313412687086     
  0.67443168710201784       -1.9177207753783341     
  0.68291536904466521       -1.7815306261396846     
  0.69150576256951291       -1.6469104015097273     
  0.70020420994302790       -1.5140117875057510     
  0.70901207031531066       -1.3829883220219708     
  0.71793071993246171       -1.2539950389834094     
  0.72696155235163118       -1.1271880822261378     
  0.73610597865875549       -1.0027242886069712     
  0.74536542768905090      -0.88076074002480176     
  0.75474134625026812      -0.76145428419902850     
  0.76423519934875517      -0.64496102426614788     
  0.77384847041837690      -0.53143577746175474     
  0.78358266155229339      -0.42103150341696999     
  0.79343929373767519      -0.31389870287191485     
  0.80341990709335609      -0.21018478788155473     
  0.81352606111047565      -0.11003342493574945     
  0.82375933489616326       -1.3583852751520803E-002
  0.83412132742026479        7.9029823153664233E-002
  0.84461365776519504       0.16767935657736968     
  0.85523796537891905       0.25224310451471299     
  0.86599591033111334       0.33260678545843114     
  0.87688917357256724       0.40866424829615905     
  0.88791945719782150       0.48031824753819041     
  0.89908848471113556       0.54748122013243850     
  0.91039800129578341       0.61007605863571501     
  0.92184977408673763       0.66803687503257503     
  0.93344559244679892       0.72130974901209222     
  0.94518726824617449       0.76985345404994765     
  0.95707663614559846       0.81364015417967228     
  0.96911555388299564       0.85265606393193250     
  0.98130590256375283       0.88690206351236855     
  0.99364958695465599       0.91639426095731524     
   1.0061485357815012       0.94116449270439084     
   1.0188047020304738       0.96126075380589571     
   1.0316200632533012       0.97674754884168069     
   1.0445966218762437       0.98770615458410604     
   1.0577364055129910       0.99423478541653521     
   1.0710414672814659       0.99644865280646888     
   1.0845138861246404       0.99447991027055371     
   1.0981557671353708       0.98847747583984447     
   1.1119692418853160       0.97860672449313912     
   1.1259564687580133       0.96504904386062873     
   1.1401196332861141       0.94800124736528069     
   1.1544609484928940       0.92767484006582490     
   1.1689826552380334       0.90429513376889936     
   1.1836870225677518       0.87810020941491773     
   1.1985763480693650       0.84933972641652622     
   1.2136529582302706       0.81827358044501008     
   1.2289192088014820       0.78517041319553027     
   1.2443774851657130       0.75030597982158009     
   1.2600302027100911       0.71396138204245219     
   1.2758798072035826       0.67642117740878571     
   1.2919287751791315       0.63797137769968060     
   1.3081796143206377       0.59889735207320516     
   1.3246348638547827       0.55948165318594179     
   1.3412970949477794       0.52000178710018996     
   1.3581689111071404       0.48072795032580384     
   1.3752529485884624       0.44192075973431194     
   1.3925518768073613       0.40382900324729432     
   1.4100683987565692       0.36668744119928087     
   1.4278052514282731       0.33071468980949270     
   1.4457652062417938       0.29611121946928504     
   1.4639510694766060       0.26305750128575422     
   1.4823656827108418       0.23171233552844081     
   1.5010119232652865       0.20221139529104321     
   1.5198927046529580       0.17466601763478434     
   1.5390109770343658       0.14916227279534142     
   1.5583697276784616       0.12576033959107003     
   1.5779719814294209       0.10449421200572472     
   1.5978208011792767        8.5371757954463126E-002
   1.6179192883464923        6.8375146609623627E-002
   1.6382705833605835        5.3461655248469311E-002
   1.6588778661527959        4.0564860563328767E-002
   1.6797443566529942        2.9596212777300988E-002
   1.7008733152927751        2.0446983803714541E-002
   1.7222680435149078        1.2990573259445772E-002
   1.7439318842892104        7.0851484818449280E-003
   1.7658682226348739        2.5765869935124260E-003
   1.7880804861493969       -6.9831772343922286E-004
   1.8105721455441484       -2.9084335541956501E-003
   1.8333467151866620       -4.2247033426932087E-003
   1.8564077536497863       -4.8164539549721917E-003
   1.8797588642676921       -4.8476651406305707E-003
   1.9034036956989253       -4.4732665282634799E-003
   1.9273459424965063       -3.8355337916344740E-003
   1.9515893456852009       -3.0606551252728271E-003
   1.9761376933460879       -2.2555418159716052E-003
   2.0009948212084270       -1.5049939287792634E-003
   2.0261646132490214       -8.6930093482578724E-004
   2.0516510022990899       -3.8842378876091410E-004
   2.0774579706587675       -8.8666998167343222E-005
   2.1035895507193709        1.3562207888139544E-005
   2.1300498255934435        0.0000000000000000     
