   1    0.00000000    0.00000000    1.00000000    1.00000000    1.00000000
   2    0.00000038    0.00000003    1.00000000    1.00000000    1.00000000
   3    0.00000076    0.00000005    1.00000000    1.00000000    1.00000000
   4    0.00000114    0.00000008    1.00000000    1.00000000    1.00000000
   5    0.00000153    0.00000011    1.00000000    1.00000000    1.00000000
   6    0.00000193    0.00000014    1.00000000    1.00000000    1.00000000
   7    0.00000233    0.00000017    1.00000000    1.00000000    1.00000000
   8    0.00000273    0.00000020    1.00000000    1.00000000    1.00000000
   9    0.00000314    0.00000022    1.00000000    1.00000000    1.00000000
  10    0.00000356    0.00000025    1.00000000    1.00000000    1.00000000
  11    0.00000398    0.00000028    1.00000000    1.00000000    1.00000000
  12    0.00000440    0.00000032    1.00000000    1.00000000    1.00000000
  13    0.00000483    0.00000035    1.00000000    1.00000000    1.00000000
  14    0.00000527    0.00000038    1.00000000    1.00000000    1.00000000
  15    0.00000571    0.00000041    1.00000000    1.00000000    1.00000000
  16    0.00000616    0.00000044    1.00000000    1.00000000    1.00000000
  17    0.00000661    0.00000047    1.00000000    1.00000000    1.00000000
  18    0.00000707    0.00000051    1.00000000    1.00000000    1.00000000
  19    0.00000754    0.00000054    1.00000000    1.00000000    1.00000000
  20    0.00000801    0.00000057    1.00000000    1.00000000    1.00000000
  21    0.00000848    0.00000061    1.00000000    1.00000000    1.00000000
  22    0.00000896    0.00000064    1.00000000    1.00000000    1.00000000
  23    0.00000945    0.00000068    1.00000000    1.00000000    1.00000000
  24    0.00000995    0.00000071    1.00000000    1.00000000    1.00000000
  25    0.00001045    0.00000075    1.00000000    1.00000000    1.00000000
  26    0.00001096    0.00000078    1.00000000    1.00000000    1.00000000
  27    0.00001147    0.00000082    1.00000000    1.00000000    1.00000000
  28    0.00001199    0.00000086    1.00000000    1.00000000    1.00000000
  29    0.00001252    0.00000090    1.00000000    1.00000000    1.00000000
  30    0.00001305    0.00000093    1.00000000    1.00000000    1.00000000
  31    0.00001359    0.00000097    1.00000000    1.00000000    1.00000000
  32    0.00001413    0.00000101    1.00000000    1.00000000    1.00000000
  33    0.00001469    0.00000105    1.00000000    1.00000000    1.00000000
  34    0.00001525    0.00000109    1.00000000    1.00000000    1.00000000
  35    0.00001582    0.00000113    1.00000000    1.00000000    1.00000000
  36    0.00001639    0.00000117    1.00000000    1.00000000    1.00000000
  37    0.00001697    0.00000122    1.00000000    1.00000000    1.00000000
  38    0.00001756    0.00000126    1.00000000    1.00000000    1.00000000
  39    0.00001816    0.00000130    1.00000000    1.00000000    1.00000000
  40    0.00001876    0.00000134    1.00000000    1.00000000    1.00000000
  41    0.00001937    0.00000139    1.00000000    1.00000000    1.00000000
  42    0.00001999    0.00000143    1.00000000    1.00000000    1.00000000
  43    0.00002062    0.00000148    1.00000000    1.00000000    1.00000000
  44    0.00002126    0.00000152    1.00000000    1.00000000    1.00000000
  45    0.00002190    0.00000157    1.00000000    1.00000000    1.00000000
  46    0.00002255    0.00000161    1.00000000    1.00000000    1.00000000
  47    0.00002321    0.00000166    1.00000000    1.00000000    1.00000000
  48    0.00002388    0.00000171    1.00000000    1.00000000    1.00000000
  49    0.00002455    0.00000176    1.00000000    1.00000000    1.00000000
  50    0.00002524    0.00000181    1.00000000    1.00000000    1.00000000
  51    0.00002593    0.00000186    1.00000000    1.00000000    1.00000000
  52    0.00002663    0.00000191    1.00000000    1.00000000    1.00000000
  53    0.00002734    0.00000196    1.00000000    1.00000000    1.00000000
  54    0.00002806    0.00000201    1.00000000    1.00000000    1.00000000
  55    0.00002879    0.00000206    1.00000000    1.00000000    1.00000000
  56    0.00002953    0.00000211    1.00000000    1.00000000    1.00000000
  57    0.00003028    0.00000217    1.00000000    1.00000000    1.00000000
  58    0.00003103    0.00000222    1.00000000    1.00000000    1.00000000
  59    0.00003180    0.00000228    1.00000000    1.00000000    1.00000000
  60    0.00003257    0.00000233    1.00000000    1.00000000    1.00000000
  61    0.00003336    0.00000239    1.00000000    1.00000000    1.00000000
  62    0.00003415    0.00000245    1.00000000    1.00000000    1.00000000
  63    0.00003496    0.00000250    1.00000000    1.00000000    1.00000000
  64    0.00003577    0.00000256    1.00000000    1.00000000    1.00000000
  65    0.00003660    0.00000262    1.00000000    1.00000000    1.00000000
  66    0.00003744    0.00000268    1.00000000    1.00000000    1.00000000
  67    0.00003828    0.00000274    1.00000000    1.00000000    1.00000000
  68    0.00003914    0.00000280    1.00000000    1.00000000    1.00000000
  69    0.00004001    0.00000286    1.00000000    1.00000000    1.00000000
  70    0.00004089    0.00000293    1.00000000    1.00000000    1.00000000
  71    0.00004178    0.00000299    1.00000000    1.00000000    1.00000000
  72    0.00004268    0.00000306    1.00000000    1.00000000    1.00000000
  73    0.00004359    0.00000312    1.00000000    1.00000000    1.00000000
  74    0.00004451    0.00000319    1.00000000    1.00000000    1.00000000
  75    0.00004545    0.00000325    1.00000000    1.00000000    1.00000000
  76    0.00004640    0.00000332    1.00000000    1.00000000    1.00000000
  77    0.00004736    0.00000339    1.00000000    1.00000000    1.00000000
  78    0.00004833    0.00000346    1.00000000    1.00000000    1.00000000
  79    0.00004931    0.00000353    1.00000000    1.00000000    1.00000000
  80    0.00005031    0.00000360    1.00000000    1.00000000    1.00000000
  81    0.00005132    0.00000367    1.00000000    1.00000000    1.00000000
  82    0.00005234    0.00000375    1.00000000    1.00000000    1.00000000
  83    0.00005337    0.00000382    1.00000000    1.00000000    1.00000000
  84    0.00005442    0.00000390    1.00000000    1.00000000    1.00000000
  85    0.00005548    0.00000397    1.00000000    1.00000000    1.00000000
  86    0.00005655    0.00000405    1.00000000    1.00000000    1.00000000
  87    0.00005764    0.00000413    1.00000000    1.00000000    1.00000000
  88    0.00005874    0.00000421    1.00000000    1.00000000    1.00000000
  89    0.00005985    0.00000429    1.00000000    1.00000000    1.00000000
  90    0.00006098    0.00000437    1.00000000    1.00000000    1.00000000
  91    0.00006212    0.00000445    1.00000000    1.00000000    1.00000000
  92    0.00006328    0.00000453    1.00000000    1.00000000    1.00000000
  93    0.00006445    0.00000461    1.00000000    1.00000000    1.00000000
  94    0.00006564    0.00000470    1.00000000    1.00000000    1.00000000
  95    0.00006684    0.00000479    1.00000000    1.00000000    1.00000000
  96    0.00006806    0.00000487    1.00000000    1.00000000    1.00000000
  97    0.00006929    0.00000496    1.00000000    1.00000000    1.00000000
  98    0.00007054    0.00000505    1.00000000    1.00000000    1.00000000
  99    0.00007180    0.00000514    1.00000000    1.00000000    1.00000000
 100    0.00007308    0.00000523    1.00000000    1.00000000    1.00000000
 101    0.00007437    0.00000532    1.00000000    1.00000000    1.00000000
 102    0.00007568    0.00000542    1.00000000    1.00000000    1.00000000
 103    0.00007701    0.00000551    1.00000000    1.00000000    1.00000000
 104    0.00007836    0.00000561    1.00000000    1.00000000    1.00000000
 105    0.00007972    0.00000571    1.00000000    1.00000000    1.00000000
 106    0.00008110    0.00000581    1.00000000    1.00000000    1.00000000
 107    0.00008249    0.00000591    1.00000000    1.00000000    1.00000000
 108    0.00008390    0.00000601    1.00000000    1.00000000    1.00000000
 109    0.00008534    0.00000611    1.00000000    1.00000000    1.00000000
 110    0.00008678    0.00000621    1.00000000    1.00000000    1.00000000
 111    0.00008825    0.00000632    1.00000000    1.00000000    1.00000000
 112    0.00008974    0.00000642    1.00000000    1.00000000    1.00000000
 113    0.00009124    0.00000653    1.00000000    1.00000000    1.00000000
 114    0.00009277    0.00000664    1.00000000    1.00000000    1.00000000
 115    0.00009431    0.00000675    1.00000000    1.00000000    1.00000000
 116    0.00009587    0.00000686    1.00000000    1.00000000    1.00000000
 117    0.00009745    0.00000698    1.00000000    1.00000000    1.00000000
 118    0.00009905    0.00000709    1.00000000    1.00000000    1.00000000
 119    0.00010067    0.00000721    1.00000000    1.00000000    1.00000000
 120    0.00010232    0.00000733    1.00000000    1.00000000    1.00000000
 121    0.00010398    0.00000744    1.00000000    1.00000000    1.00000000
 122    0.00010566    0.00000756    1.00000000    1.00000000    1.00000000
 123    0.00010737    0.00000769    1.00000000    1.00000000    1.00000000
 124    0.00010909    0.00000781    1.00000000    1.00000000    1.00000000
 125    0.00011084    0.00000794    1.00000000    1.00000000    1.00000000
 126    0.00011261    0.00000806    1.00000000    1.00000000    1.00000000
 127    0.00011440    0.00000819    1.00000000    1.00000000    1.00000000
 128    0.00011622    0.00000832    1.00000000    1.00000000    1.00000000
 129    0.00011806    0.00000845    1.00000000    1.00000000    1.00000000
 130    0.00011992    0.00000859    1.00000000    1.00000000    1.00000000
 131    0.00012180    0.00000872    1.00000000    1.00000000    1.00000000
 132    0.00012371    0.00000886    1.00000000    1.00000000    1.00000000
 133    0.00012564    0.00000899    1.00000000    1.00000000    1.00000000
 134    0.00012760    0.00000913    1.00000000    1.00000000    1.00000000
 135    0.00012958    0.00000928    1.00000000    1.00000000    1.00000000
 136    0.00013158    0.00000942    1.00000000    1.00000000    1.00000000
 137    0.00013361    0.00000957    1.00000000    1.00000000    1.00000000
 138    0.00013567    0.00000971    1.00000000    1.00000000    1.00000000
 139    0.00013775    0.00000986    1.00000000    1.00000000    1.00000000
 140    0.00013986    0.00001001    1.00000000    1.00000000    1.00000000
 141    0.00014199    0.00001017    1.00000000    1.00000000    1.00000000
 142    0.00014416    0.00001032    1.00000000    1.00000000    1.00000000
 143    0.00014634    0.00001048    1.00000000    1.00000000    1.00000000
 144    0.00014856    0.00001064    1.00000000    1.00000000    1.00000000
 145    0.00015081    0.00001080    1.00000000    1.00000000    1.00000000
 146    0.00015308    0.00001096    1.00000000    1.00000000    1.00000000
 147    0.00015538    0.00001112    1.00000000    1.00000000    1.00000000
 148    0.00015771    0.00001129    1.00000000    1.00000000    1.00000000
 149    0.00016007    0.00001146    1.00000000    1.00000000    1.00000000
 150    0.00016246    0.00001163    1.00000000    1.00000000    1.00000000
 151    0.00016488    0.00001180    1.00000000    1.00000000    1.00000000
 152    0.00016733    0.00001198    1.00000000    1.00000000    1.00000000
 153    0.00016981    0.00001216    1.00000000    1.00000000    1.00000000
 154    0.00017232    0.00001234    1.00000000    1.00000000    1.00000000
 155    0.00017486    0.00001252    1.00000000    1.00000000    1.00000000
 156    0.00017744    0.00001270    1.00000000    1.00000000    1.00000000
 157    0.00018004    0.00001289    1.00000000    1.00000000    1.00000000
 158    0.00018268    0.00001308    1.00000000    1.00000000    1.00000000
 159    0.00018536    0.00001327    1.00000000    1.00000000    1.00000000
 160    0.00018806    0.00001346    1.00000000    1.00000000    1.00000000
 161    0.00019081    0.00001366    1.00000000    1.00000000    1.00000000
 162    0.00019358    0.00001386    1.00000000    1.00000000    1.00000000
 163    0.00019639    0.00001406    1.00000000    1.00000000    1.00000000
 164    0.00019924    0.00001426    1.00000000    1.00000000    1.00000000
 165    0.00020212    0.00001447    1.00000000    1.00000000    1.00000000
 166    0.00020504    0.00001468    1.00000000    1.00000000    1.00000000
 167    0.00020799    0.00001489    1.00000000    1.00000000    1.00000000
 168    0.00021098    0.00001511    1.00000000    1.00000000    1.00000000
 169    0.00021401    0.00001532    1.00000000    1.00000000    1.00000000
 170    0.00021708    0.00001554    1.00000000    1.00000000    1.00000000
 171    0.00022019    0.00001576    1.00000000    1.00000000    1.00000000
 172    0.00022333    0.00001599    1.00000000    1.00000000    1.00000000
 173    0.00022652    0.00001622    1.00000000    1.00000000    1.00000000
 174    0.00022974    0.00001645    1.00000000    1.00000000    1.00000000
 175    0.00023301    0.00001668    1.00000000    1.00000000    1.00000000
 176    0.00023631    0.00001692    1.00000000    1.00000000    1.00000000
 177    0.00023966    0.00001716    1.00000000    1.00000000    1.00000000
 178    0.00024305    0.00001740    1.00000000    1.00000000    1.00000000
 179    0.00024649    0.00001765    1.00000000    1.00000000    1.00000000
 180    0.00024996    0.00001790    1.00000000    1.00000000    1.00000000
 181    0.00025348    0.00001815    1.00000000    1.00000000    1.00000000
 182    0.00025705    0.00001840    1.00000000    1.00000000    1.00000000
 183    0.00026065    0.00001866    1.00000000    1.00000000    1.00000000
 184    0.00026431    0.00001892    1.00000000    1.00000000    1.00000000
 185    0.00026801    0.00001919    1.00000000    1.00000000    1.00000000
 186    0.00027176    0.00001946    1.00000000    1.00000000    1.00000000
 187    0.00027555    0.00001973    1.00000000    1.00000000    1.00000000
 188    0.00027939    0.00002000    1.00000000    1.00000000    1.00000000
 189    0.00028328    0.00002028    1.00000000    1.00000000    1.00000000
 190    0.00028722    0.00002056    1.00000000    1.00000000    1.00000000
 191    0.00029121    0.00002085    1.00000000    1.00000000    1.00000000
 192    0.00029525    0.00002114    1.00000000    1.00000000    1.00000000
 193    0.00029934    0.00002143    1.00000000    1.00000000    1.00000000
 194    0.00030348    0.00002173    1.00000000    1.00000000    1.00000000
 195    0.00030767    0.00002203    1.00000000    1.00000000    1.00000000
 196    0.00031192    0.00002233    1.00000000    1.00000000    1.00000000
 197    0.00031622    0.00002264    1.00000000    1.00000000    1.00000000
 198    0.00032057    0.00002295    1.00000000    1.00000000    1.00000000
 199    0.00032498    0.00002327    1.00000000    1.00000000    1.00000000
 200    0.00032944    0.00002359    1.00000000    1.00000000    1.00000000
 201    0.00033396    0.00002391    1.00000000    1.00000000    1.00000000
 202    0.00033854    0.00002424    1.00000000    1.00000000    1.00000000
 203    0.00034317    0.00002457    1.00000000    1.00000000    1.00000000
 204    0.00034786    0.00002490    1.00000000    1.00000000    1.00000000
 205    0.00035261    0.00002524    1.00000000    1.00000000    1.00000000
 206    0.00035742    0.00002559    1.00000000    1.00000000    1.00000000
 207    0.00036230    0.00002594    1.00000000    1.00000000    1.00000000
 208    0.00036723    0.00002629    1.00000000    1.00000000    1.00000000
 209    0.00037222    0.00002665    1.00000000    1.00000000    1.00000000
 210    0.00037728    0.00002701    1.00000000    1.00000000    1.00000000
 211    0.00038240    0.00002738    1.00000000    1.00000000    1.00000000
 212    0.00038759    0.00002775    1.00000000    1.00000000    1.00000000
 213    0.00039284    0.00002812    1.00000000    1.00000000    1.00000000
 214    0.00039816    0.00002851    1.00000000    1.00000000    1.00000000
 215    0.00040354    0.00002889    1.00000000    1.00000000    1.00000000
 216    0.00040899    0.00002928    1.00000000    1.00000000    1.00000000
 217    0.00041451    0.00002968    1.00000000    1.00000000    1.00000000
 218    0.00042010    0.00003008    1.00000000    1.00000000    1.00000000
 219    0.00042576    0.00003048    1.00000000    1.00000000    1.00000000
 220    0.00043149    0.00003089    1.00000000    1.00000000    1.00000000
 221    0.00043729    0.00003131    1.00000000    1.00000000    1.00000000
 222    0.00044317    0.00003173    1.00000000    1.00000000    1.00000000
 223    0.00044912    0.00003215    1.00000000    1.00000000    1.00000000
 224    0.00045515    0.00003259    1.00000000    1.00000000    1.00000000
 225    0.00046125    0.00003302    1.00000000    1.00000000    1.00000000
 226    0.00046742    0.00003346    1.00000000    1.00000000    1.00000000
 227    0.00047368    0.00003391    1.00000000    1.00000000    1.00000000
 228    0.00048001    0.00003437    1.00000000    1.00000000    1.00000000
 229    0.00048643    0.00003482    1.00000000    1.00000000    1.00000000
 230    0.00049292    0.00003529    1.00000000    1.00000000    1.00000000
 231    0.00049950    0.00003576    1.00000000    1.00000000    1.00000000
 232    0.00050615    0.00003624    1.00000000    1.00000000    1.00000000
 233    0.00051290    0.00003672    1.00000000    1.00000000    1.00000000
 234    0.00051972    0.00003721    1.00000000    1.00000000    1.00000000
 235    0.00052664    0.00003770    1.00000000    1.00000000    1.00000000
 236    0.00053364    0.00003820    1.00000000    1.00000000    1.00000000
 237    0.00054072    0.00003871    1.00000000    1.00000000    1.00000000
 238    0.00054790    0.00003923    1.00000000    1.00000000    1.00000000
 239    0.00055517    0.00003975    1.00000000    1.00000000    1.00000000
 240    0.00056253    0.00004027    1.00000000    1.00000000    1.00000000
 241    0.00056998    0.00004081    1.00000000    1.00000000    1.00000000
 242    0.00057752    0.00004135    1.00000000    1.00000000    1.00000000
 243    0.00058516    0.00004189    1.00000000    1.00000000    1.00000000
 244    0.00059290    0.00004245    1.00000000    1.00000000    1.00000000
 245    0.00060073    0.00004301    1.00000000    1.00000000    1.00000000
 246    0.00060867    0.00004358    1.00000000    1.00000000    1.00000000
 247    0.00061670    0.00004415    1.00000000    1.00000000    1.00000000
 248    0.00062483    0.00004473    1.00000000    1.00000000    1.00000000
 249    0.00063307    0.00004532    1.00000000    1.00000000    1.00000000
 250    0.00064140    0.00004592    1.00000000    1.00000000    1.00000000
 251    0.00064985    0.00004652    1.00000000    1.00000000    1.00000000
 252    0.00065840    0.00004714    1.00000000    1.00000000    1.00000000
 253    0.00066706    0.00004776    1.00000000    1.00000000    1.00000000
 254    0.00067582    0.00004838    1.00000000    1.00000000    1.00000000
 255    0.00068470    0.00004902    1.00000000    1.00000000    1.00000000
 256    0.00069369    0.00004966    1.00000000    1.00000000    1.00000000
 257    0.00070279    0.00005032    1.00000000    1.00000000    1.00000000
 258    0.00071200    0.00005097    1.00000000    1.00000000    1.00000000
 259    0.00072133    0.00005164    1.00000000    1.00000000    1.00000000
 260    0.00073078    0.00005232    1.00000000    1.00000000    1.00000000
 261    0.00074035    0.00005300    1.00000000    1.00000000    1.00000000
 262    0.00075004    0.00005370    1.00000000    1.00000000    1.00000000
 263    0.00075985    0.00005440    1.00000000    1.00000000    1.00000000
 264    0.00076978    0.00005511    1.00000000    1.00000000    1.00000000
 265    0.00077984    0.00005583    1.00000000    1.00000000    1.00000000
 266    0.00079003    0.00005656    1.00000000    1.00000000    1.00000000
 267    0.00080034    0.00005730    1.00000000    1.00000000    1.00000000
 268    0.00081078    0.00005805    1.00000000    1.00000000    1.00000000
 269    0.00082135    0.00005880    1.00000000    1.00000000    1.00000000
 270    0.00083206    0.00005957    1.00000000    1.00000000    1.00000000
 271    0.00084290    0.00006035    1.00000000    1.00000000    1.00000000
 272    0.00085388    0.00006113    1.00000000    1.00000000    1.00000000
 273    0.00086500    0.00006193    1.00000000    1.00000000    1.00000000
 274    0.00087625    0.00006273    1.00000000    1.00000000    1.00000000
 275    0.00088765    0.00006355    1.00000000    1.00000000    1.00000000
 276    0.00089919    0.00006438    1.00000000    1.00000000    1.00000000
 277    0.00091088    0.00006521    1.00000000    1.00000000    1.00000000
 278    0.00092271    0.00006606    1.00000000    1.00000000    1.00000000
 279    0.00093469    0.00006692    1.00000000    1.00000000    1.00000000
 280    0.00094683    0.00006779    1.00000000    1.00000000    1.00000000
 281    0.00095911    0.00006867    1.00000000    1.00000000    1.00000000
 282    0.00097155    0.00006956    1.00000000    1.00000000    1.00000000
 283    0.00098415    0.00007046    1.00000000    1.00000000    1.00000000
 284    0.00099690    0.00007137    1.00000000    1.00000000    1.00000000
 285    0.00100982    0.00007230    1.00000000    1.00000000    1.00000000
 286    0.00102289    0.00007323    1.00000000    1.00000000    1.00000000
 287    0.00103614    0.00007418    1.00000000    1.00000000    1.00000000
 288    0.00104955    0.00007514    1.00000000    1.00000000    1.00000000
 289    0.00106312    0.00007611    1.00000000    1.00000000    1.00000000
 290    0.00107687    0.00007710    1.00000000    1.00000000    1.00000000
 291    0.00109079    0.00007809    1.00000000    1.00000000    1.00000000
 292    0.00110489    0.00007910    1.00000000    1.00000000    1.00000000
 293    0.00111916    0.00008013    1.00000000    1.00000000    1.00000000
 294    0.00113361    0.00008116    1.00000000    1.00000000    1.00000000
 295    0.00114825    0.00008221    1.00000000    1.00000000    1.00000000
 296    0.00116307    0.00008327    1.00000000    1.00000000    1.00000000
 297    0.00117807    0.00008434    1.00000000    1.00000000    1.00000000
 298    0.00119327    0.00008543    1.00000000    1.00000000    1.00000000
 299    0.00120865    0.00008653    1.00000000    1.00000000    1.00000000
 300    0.00122423    0.00008765    1.00000000    1.00000000    1.00000000
 301    0.00124001    0.00008878    1.00000000    1.00000000    1.00000000
 302    0.00125598    0.00008992    1.00000000    1.00000000    1.00000000
 303    0.00127215    0.00009108    1.00000000    1.00000000    1.00000000
 304    0.00128853    0.00009225    1.00000000    1.00000000    1.00000000
 305    0.00130511    0.00009344    1.00000000    1.00000000    1.00000000
 306    0.00132191    0.00009464    1.00000000    1.00000000    1.00000000
 307    0.00133891    0.00009586    1.00000000    1.00000000    1.00000000
 308    0.00135613    0.00009709    1.00000000    1.00000000    1.00000000
 309    0.00137356    0.00009834    1.00000000    1.00000000    1.00000000
 310    0.00139121    0.00009960    1.00000000    1.00000000    1.00000000
 311    0.00140909    0.00010088    1.00000000    1.00000000    1.00000000
 312    0.00142719    0.00010218    1.00000000    1.00000000    1.00000000
 313    0.00144551    0.00010349    1.00000000    1.00000000    1.00000000
 314    0.00146407    0.00010482    1.00000000    1.00000000    1.00000000
 315    0.00148286    0.00010616    1.00000000    1.00000000    1.00000000
 316    0.00150189    0.00010753    1.00000000    1.00000000    1.00000000
 317    0.00152116    0.00010891    1.00000000    1.00000000    1.00000000
 318    0.00154067    0.00011030    1.00000000    1.00000000    1.00000000
 319    0.00156042    0.00011172    1.00000000    1.00000000    1.00000000
 320    0.00158043    0.00011315    1.00000000    1.00000000    1.00000000
 321    0.00160068    0.00011460    1.00000000    1.00000000    1.00000000
 322    0.00162119    0.00011607    1.00000000    1.00000000    1.00000000
 323    0.00164196    0.00011756    1.00000000    1.00000000    1.00000000
 324    0.00166299    0.00011906    1.00000000    1.00000000    1.00000000
 325    0.00168428    0.00012059    1.00000000    1.00000000    1.00000000
 326    0.00170584    0.00012213    1.00000000    1.00000000    1.00000000
 327    0.00172767    0.00012369    1.00000000    1.00000000    1.00000000
 328    0.00174978    0.00012528    1.00000000    1.00000000    1.00000000
 329    0.00177217    0.00012688    1.00000000    1.00000000    1.00000000
 330    0.00179483    0.00012850    1.00000000    1.00000000    1.00000000
 331    0.00181779    0.00013014    1.00000000    1.00000000    1.00000000
 332    0.00184103    0.00013181    1.00000000    1.00000000    1.00000000
 333    0.00186456    0.00013349    1.00000000    1.00000000    1.00000000
 334    0.00188839    0.00013520    1.00000000    1.00000000    1.00000000
 335    0.00191252    0.00013693    1.00000000    1.00000000    1.00000000
 336    0.00193695    0.00013868    1.00000000    1.00000000    1.00000000
 337    0.00196169    0.00014045    1.00000000    1.00000000    1.00000000
 338    0.00198674    0.00014224    1.00000000    1.00000000    1.00000000
 339    0.00201210    0.00014406    1.00000000    1.00000000    1.00000000
 340    0.00203779    0.00014590    1.00000000    1.00000000    1.00000000
 341    0.00206380    0.00014776    1.00000000    1.00000000    1.00000000
 342    0.00209013    0.00014964    1.00000000    1.00000000    1.00000000
 343    0.00211680    0.00015155    1.00000000    1.00000000    1.00000000
 344    0.00214380    0.00015349    1.00000000    1.00000000    1.00000000
 345    0.00217114    0.00015544    1.00000000    1.00000000    1.00000000
 346    0.00219883    0.00015743    1.00000000    1.00000000    1.00000000
 347    0.00222686    0.00015943    1.00000000    1.00000000    1.00000000
 348    0.00225525    0.00016147    1.00000000    1.00000000    1.00000000
 349    0.00228399    0.00016352    1.00000000    1.00000000    1.00000000
 350    0.00231309    0.00016561    1.00000000    1.00000000    1.00000000
 351    0.00234257    0.00016772    1.00000000    1.00000000    1.00000000
 352    0.00237241    0.00016986    1.00000000    1.00000000    1.00000000
 353    0.00240262    0.00017202    1.00000000    1.00000000    1.00000000
 354    0.00243322    0.00017421    1.00000000    1.00000000    1.00000000
 355    0.00246420    0.00017643    1.00000000    1.00000000    1.00000000
 356    0.00249557    0.00017867    1.00000000    1.00000000    1.00000000
 357    0.00252734    0.00018095    1.00000000    1.00000000    1.00000000
 358    0.00255951    0.00018325    1.00000000    1.00000000    1.00000000
 359    0.00259208    0.00018558    1.00000000    1.00000000    1.00000000
 360    0.00262506    0.00018795    1.00000000    1.00000000    1.00000000
 361    0.00265845    0.00019034    1.00000000    1.00000000    1.00000000
 362    0.00269227    0.00019276    1.00000000    1.00000000    1.00000000
 363    0.00272651    0.00019521    1.00000000    1.00000000    1.00000000
 364    0.00276118    0.00019769    1.00000000    1.00000000    1.00000000
 365    0.00279628    0.00020021    1.00000000    1.00000000    1.00000000
 366    0.00283183    0.00020275    1.00000000    1.00000000    1.00000000
 367    0.00286783    0.00020533    1.00000000    1.00000000    1.00000000
 368    0.00290428    0.00020794    1.00000000    1.00000000    1.00000000
 369    0.00294118    0.00021058    1.00000000    1.00000000    1.00000000
 370    0.00297855    0.00021326    1.00000000    1.00000000    1.00000000
 371    0.00301640    0.00021597    1.00000000    1.00000000    1.00000000
 372    0.00305471    0.00021871    1.00000000    1.00000000    1.00000000
 373    0.00309351    0.00022149    1.00000000    1.00000000    1.00000000
 374    0.00313280    0.00022430    1.00000000    1.00000000    1.00000000
 375    0.00317258    0.00022715    1.00000000    1.00000000    1.00000000
 376    0.00321286    0.00023004    1.00000000    1.00000000    1.00000000
 377    0.00325365    0.00023296    1.00000000    1.00000000    1.00000000
 378    0.00329495    0.00023591    1.00000000    1.00000000    1.00000000
 379    0.00333677    0.00023891    1.00000000    1.00000000    1.00000000
 380    0.00337912    0.00024194    1.00000000    1.00000000    1.00000000
 381    0.00342200    0.00024501    1.00000000    1.00000000    1.00000000
 382    0.00346542    0.00024812    1.00000000    1.00000000    1.00000000
 383    0.00350938    0.00025127    1.00000000    1.00000000    1.00000000
 384    0.00355390    0.00025446    1.00000000    1.00000000    1.00000000
 385    0.00359898    0.00025769    1.00000000    1.00000000    1.00000000
 386    0.00364463    0.00026096    1.00000000    1.00000000    1.00000000
 387    0.00369085    0.00026427    1.00000000    1.00000000    1.00000000
 388    0.00373765    0.00026762    1.00000000    1.00000000    1.00000000
 389    0.00378504    0.00027101    1.00000000    1.00000000    1.00000000
 390    0.00383302    0.00027445    1.00000000    1.00000000    1.00000000
 391    0.00388161    0.00027793    1.00000000    1.00000000    1.00000000
 392    0.00393081    0.00028145    1.00000000    1.00000000    1.00000000
 393    0.00398063    0.00028502    1.00000000    1.00000000    1.00000000
 394    0.00403108    0.00028863    1.00000000    1.00000000    1.00000000
 395    0.00408216    0.00029229    1.00000000    1.00000000    1.00000000
 396    0.00413388    0.00029599    1.00000000    1.00000000    1.00000000
 397    0.00418625    0.00029974    1.00000000    1.00000000    1.00000000
 398    0.00423929    0.00030354    1.00000000    1.00000000    1.00000000
 399    0.00429298    0.00030739    1.00000000    1.00000000    1.00000000
 400    0.00434736    0.00031128    1.00000000    1.00000000    1.00000000
 401    0.00440242    0.00031523    1.00000000    1.00000000    1.00000000
 402    0.00445817    0.00031922    1.00000000    1.00000000    1.00000000
 403    0.00451462    0.00032326    1.00000000    1.00000000    1.00000000
 404    0.00457178    0.00032736    1.00000000    1.00000000    1.00000000
 405    0.00462967    0.00033150    1.00000000    1.00000000    1.00000000
 406    0.00468828    0.00033570    1.00000000    1.00000000    1.00000000
 407    0.00474762    0.00033995    1.00000000    1.00000000    1.00000000
 408    0.00480772    0.00034426    1.00000000    1.00000000    1.00000000
 409    0.00486857    0.00034862    1.00000000    1.00000000    1.00000000
 410    0.00493018    0.00035303    1.00000000    1.00000000    1.00000000
 411    0.00499257    0.00035750    1.00000000    1.00000000    1.00000000
 412    0.00505574    0.00036202    1.00000000    1.00000000    1.00000000
 413    0.00511971    0.00036660    1.00000000    1.00000000    1.00000000
 414    0.00518449    0.00037124    1.00000000    1.00000000    1.00000000
 415    0.00525008    0.00037594    1.00000000    1.00000000    1.00000000
 416    0.00531649    0.00038070    1.00000000    1.00000000    1.00000000
 417    0.00538374    0.00038552    1.00000000    1.00000000    1.00000000
 418    0.00545183    0.00039040    1.00000000    1.00000000    1.00000000
 419    0.00552078    0.00039534    1.00000000    1.00000000    1.00000000
 420    0.00559060    0.00040034    1.00000000    1.00000000    1.00000000
 421    0.00566130    0.00040540    1.00000000    1.00000000    1.00000000
 422    0.00573288    0.00041053    1.00000000    1.00000000    1.00000000
 423    0.00580537    0.00041572    1.00000000    1.00000000    1.00000000
 424    0.00587877    0.00042098    1.00000000    1.00000000    1.00000000
 425    0.00595309    0.00042631    1.00000000    1.00000000    1.00000000
 426    0.00602835    0.00043170    1.00000000    1.00000000    1.00000000
 427    0.00610455    0.00043716    1.00000000    1.00000000    1.00000000
 428    0.00618171    0.00044269    1.00000000    1.00000000    1.00000000
 429    0.00625984    0.00044829    1.00000000    1.00000000    1.00000000
 430    0.00633896    0.00045396    1.00000000    1.00000000    1.00000000
 431    0.00641907    0.00045970    1.00000000    1.00000000    1.00000000
 432    0.00650019    0.00046551    1.00000000    1.00000000    1.00000000
 433    0.00658232    0.00047139    1.00000000    1.00000000    1.00000000
 434    0.00666549    0.00047735    1.00000000    1.00000000    1.00000000
 435    0.00674971    0.00048339    1.00000000    1.00000000    1.00000000
 436    0.00683499    0.00048950    1.00000000    1.00000000    1.00000000
 437    0.00692134    0.00049569    1.00000000    1.00000000    1.00000000
 438    0.00700877    0.00050195    1.00000000    1.00000000    1.00000000
 439    0.00709731    0.00050830    1.00000000    1.00000000    1.00000000
 440    0.00718696    0.00051472    1.00000000    1.00000000    1.00000000
 441    0.00727773    0.00052123    1.00000000    1.00000000    1.00000000
 442    0.00736965    0.00052782    1.00000000    1.00000000    1.00000000
 443    0.00746273    0.00053449    1.00000000    1.00000000    1.00000000
 444    0.00755697    0.00054125    1.00000000    1.00000000    1.00000000
 445    0.00765240    0.00054809    1.00000000    1.00000000    1.00000000
 446    0.00774903    0.00055501    1.00000000    1.00000000    1.00000000
 447    0.00784688    0.00056203    1.00000000    1.00000000    1.00000000
 448    0.00794596    0.00056913    1.00000000    1.00000000    1.00000000
 449    0.00804628    0.00057632    1.00000000    1.00000000    1.00000000
 450    0.00814787    0.00058360    1.00000000    1.00000000    1.00000000
 451    0.00825073    0.00059098    1.00000000    1.00000000    1.00000000
 452    0.00835489    0.00059845    1.00000000    1.00000000    1.00000000
 453    0.00846035    0.00060601    1.00000000    1.00000000    1.00000000
 454    0.00856715    0.00061367    1.00000000    1.00000000    1.00000000
 455    0.00867528    0.00062142    1.00000000    1.00000000    1.00000000
 456    0.00878478    0.00062927    1.00000000    1.00000000    1.00000000
 457    0.00889566    0.00063722    1.00000000    1.00000000    1.00000000
 458    0.00900793    0.00064527    1.00000000    1.00000000    1.00000000
 459    0.00912161    0.00065343    1.00000000    1.00000000    1.00000000
 460    0.00923672    0.00066168    1.00000000    1.00000000    1.00000000
 461    0.00935328    0.00067004    1.00000000    1.00000000    1.00000000
 462    0.00947130    0.00067851    1.00000000    1.00000000    1.00000000
 463    0.00959081    0.00068708    1.00000000    1.00000000    1.00000000
 464    0.00971183    0.00069576    1.00000000    1.00000000    1.00000000
 465    0.00983436    0.00070455    1.00000000    1.00000000    1.00000000
 466    0.00995844    0.00071345    1.00000000    1.00000000    1.00000000
 467    0.01008408    0.00072247    1.00000000    1.00000000    1.00000000
 468    0.01021129    0.00073160    1.00000000    1.00000000    1.00000000
 469    0.01034011    0.00074084    1.00000000    1.00000000    1.00000000
 470    0.01047055    0.00075020    1.00000000    1.00000000    1.00000000
 471    0.01060263    0.00075968    1.00000000    1.00000000    1.00000000
 472    0.01073637    0.00076927    1.00000000    1.00000000    1.00000000
 473    0.01087179    0.00077899    1.00000000    1.00000000    1.00000000
 474    0.01100892    0.00078883    1.00000000    1.00000000    1.00000000
 475    0.01114777    0.00079880    1.00000000    1.00000000    1.00000000
 476    0.01128837    0.00080889    1.00000000    1.00000000    1.00000000
 477    0.01143073    0.00081911    1.00000000    1.00000000    1.00000000
 478    0.01157489    0.00082946    1.00000000    1.00000000    1.00000000
 479    0.01172086    0.00083994    1.00000000    1.00000000    1.00000000
 480    0.01186866    0.00085056    1.00000000    1.00000000    1.00000000
 481    0.01201833    0.00086130    1.00000000    1.00000000    1.00000000
 482    0.01216988    0.00087219    1.00000000    1.00000000    1.00000000
 483    0.01232333    0.00088321    1.00000000    1.00000000    1.00000000
 484    0.01247871    0.00089437    1.00000000    1.00000000    1.00000000
 485    0.01263605    0.00090567    1.00000000    1.00000000    1.00000000
 486    0.01279537    0.00091711    1.00000000    1.00000000    1.00000000
 487    0.01295669    0.00092870    1.00000000    1.00000000    1.00000000
 488    0.01312004    0.00094044    1.00000000    1.00000000    1.00000000
 489    0.01328545    0.00095233    1.00000000    1.00000000    1.00000000
 490    0.01345293    0.00096436    1.00000000    1.00000000    1.00000000
 491    0.01362253    0.00097655    1.00000000    1.00000000    1.00000000
 492    0.01379425    0.00098889    1.00000000    1.00000000    1.00000000
 493    0.01396814    0.00100139    1.00000000    1.00000000    1.00000000
 494    0.01414421    0.00101405    1.00000000    1.00000000    1.00000000
 495    0.01432250    0.00102687    0.99999999    1.00000000    1.00000000
 496    0.01450303    0.00103985    0.99999999    1.00000000    1.00000000
 497    0.01468583    0.00105300    0.99999999    1.00000000    1.00000000
 498    0.01487093    0.00106631    0.99999999    1.00000000    1.00000000
 499    0.01505836    0.00107979    0.99999999    1.00000000    1.00000000
 500    0.01524815    0.00109344    0.99999999    1.00000000    1.00000000
 501    0.01544032    0.00110727    0.99999999    1.00000000    1.00000000
 502    0.01563491    0.00112127    0.99999999    1.00000000    1.00000000
 503    0.01583195    0.00113545    0.99999999    1.00000000    1.00000000
 504    0.01603147    0.00114981    0.99999999    1.00000000    1.00000000
 505    0.01623349    0.00116436    0.99999999    1.00000000    1.00000000
 506    0.01643806    0.00117908    0.99999999    1.00000000    1.00000000
 507    0.01664520    0.00119400    0.99999999    1.00000000    1.00000000
 508    0.01685495    0.00120910    0.99999999    1.00000000    1.00000000
 509    0.01706733    0.00122440    0.99999999    1.00000000    1.00000000
 510    0.01728239    0.00123989    0.99999999    1.00000000    1.00000000
 511    0.01750015    0.00125558    0.99999999    1.00000000    1.00000000
 512    0.01772065    0.00127147    0.99999999    1.00000000    1.00000000
 513    0.01794393    0.00128756    0.99999999    1.00000000    1.00000000
 514    0.01817001    0.00130386    0.99999999    1.00000000    1.00000000
 515    0.01839894    0.00132036    0.99999999    1.00000000    1.00000000
 516    0.01863074    0.00133708    0.99999999    1.00000000    1.00000000
 517    0.01886546    0.00135401    0.99999999    1.00000000    1.00000000
 518    0.01910314    0.00137115    0.99999999    1.00000000    1.00000000
 519    0.01934380    0.00138852    0.99999999    1.00000000    1.00000000
 520    0.01958749    0.00140610    0.99999999    1.00000000    1.00000000
 521    0.01983425    0.00142391    0.99999999    1.00000000    1.00000000
 522    0.02008411    0.00144195    0.99999999    1.00000000    1.00000000
 523    0.02033711    0.00146022    0.99999999    1.00000000    1.00000000
 524    0.02059329    0.00147872    0.99999998    1.00000000    1.00000000
 525    0.02085270    0.00149746    0.99999998    1.00000000    1.00000000
 526    0.02111537    0.00151644    0.99999998    1.00000000    1.00000000
 527    0.02138135    0.00153566    0.99999998    1.00000000    1.00000000
 528    0.02165067    0.00155513    0.99999998    1.00000000    1.00000000
 529    0.02192337    0.00157485    0.99999998    1.00000000    1.00000000
 530    0.02219951    0.00159482    0.99999998    1.00000000    1.00000000
 531    0.02247912    0.00161505    0.99999998    1.00000000    1.00000000
 532    0.02276225    0.00163554    0.99999998    1.00000000    1.00000000
 533    0.02304894    0.00165629    0.99999998    1.00000000    1.00000000
 534    0.02333924    0.00167731    0.99999998    1.00000000    1.00000000
 535    0.02363318    0.00169860    0.99999998    1.00000000    1.00000000
 536    0.02393083    0.00172016    0.99999998    1.00000000    1.00000000
 537    0.02423222    0.00174200    0.99999998    1.00000000    1.00000000
 538    0.02453740    0.00176412    0.99999997    1.00000000    1.00000000
 539    0.02484641    0.00178653    0.99999997    1.00000000    1.00000000
 540    0.02515932    0.00180922    0.99999997    1.00000000    1.00000000
 541    0.02547616    0.00183221    0.99999997    1.00000000    1.00000000
 542    0.02579699    0.00185550    0.99999997    1.00000000    1.00000000
 543    0.02612185    0.00187909    0.99999997    1.00000000    1.00000000
 544    0.02645080    0.00190298    0.99999997    1.00000000    1.00000000
 545    0.02678388    0.00192718    0.99999997    1.00000000    1.00000000
 546    0.02712116    0.00195169    0.99999997    1.00000000    1.00000000
 547    0.02746267    0.00197653    0.99999996    1.00000000    1.00000000
 548    0.02780849    0.00200168    0.99999996    1.00000000    1.00000000
 549    0.02815865    0.00202716    0.99999996    1.00000000    1.00000000
 550    0.02851322    0.00205298    0.99999996    1.00000000    1.00000000
 551    0.02887225    0.00207912    0.99999996    1.00000000    1.00000000
 552    0.02923579    0.00210561    0.99999996    1.00000000    1.00000000
 553    0.02960391    0.00213245    0.99999995    1.00000000    1.00000000
 554    0.02997665    0.00215963    0.99999995    1.00000000    1.00000000
 555    0.03035409    0.00218717    0.99999995    1.00000000    1.00000000
 556    0.03073627    0.00221507    0.99999995    1.00000000    1.00000000
 557    0.03112326    0.00224333    0.99999995    1.00000000    1.00000000
 558    0.03151512    0.00227196    0.99999995    1.00000000    1.00000000
 559    0.03191191    0.00230097    0.99999994    1.00000000    1.00000000
 560    0.03231369    0.00233035    0.99999994    1.00000000    1.00000000
 561    0.03272052    0.00236013    0.99999994    1.00000000    1.00000000
 562    0.03313247    0.00239029    0.99999994    1.00000000    1.00000000
 563    0.03354960    0.00242085    0.99999993    1.00000000    1.00000000
 564    0.03397198    0.00245182    0.99999993    1.00000000    1.00000000
 565    0.03439967    0.00248319    0.99999993    1.00000000    1.00000000
 566    0.03483274    0.00251497    0.99999993    1.00000000    1.00000000
 567    0.03527125    0.00254717    0.99999992    1.00000000    1.00000000
 568    0.03571529    0.00257981    0.99999992    1.00000000    1.00000000
 569    0.03616491    0.00261287    0.99999992    1.00000000    1.00000000
 570    0.03662018    0.00264637    0.99999991    1.00000000    1.00000000
 571    0.03708118    0.00268031    0.99999991    1.00000000    1.00000000
 572    0.03754798    0.00271471    0.99999991    1.00000000    1.00000000
 573    0.03802065    0.00274956    0.99999990    1.00000000    1.00000000
 574    0.03849927    0.00278488    0.99999990    1.00000000    1.00000000
 575    0.03898391    0.00282067    0.99999990    1.00000000    1.00000000
 576    0.03947464    0.00285694    0.99999989    1.00000000    1.00000000
 577    0.03997154    0.00289369    0.99999989    1.00000000    1.00000000
 578    0.04047470    0.00293094    0.99999988    1.00000000    1.00000000
 579    0.04098418    0.00296868    0.99999988    1.00000000    1.00000000
 580    0.04150008    0.00300693    0.99999987    1.00000000    1.00000000
 581    0.04202246    0.00304570    0.99999987    1.00000000    1.00000000
 582    0.04255141    0.00308499    0.99999986    1.00000000    1.00000000
 583    0.04308702    0.00312481    0.99999986    1.00000000    1.00000000
 584    0.04362936    0.00316517    0.99999985    1.00000000    1.00000000
 585    0.04417853    0.00320607    0.99999985    1.00000000    1.00000000
 586    0.04473460    0.00324754    0.99999984    1.00000000    1.00000000
 587    0.04529767    0.00328956    0.99999984    1.00000000    1.00000000
 588    0.04586782    0.00333216    0.99999983    1.00000000    1.00000000
 589    0.04644514    0.00337534    0.99999982    1.00000000    1.00000000
 590    0.04702973    0.00341911    0.99999982    1.00000000    1.00000000
 591    0.04762166    0.00346347    0.99999981    1.00000000    1.00000000
 592    0.04822104    0.00350845    0.99999980    1.00000000    1.00000000
 593    0.04882797    0.00355405    0.99999979    1.00000000    1.00000000
 594    0.04944252    0.00360027    0.99999979    1.00000000    1.00000000
 595    0.05006481    0.00364713    0.99999978    1.00000000    1.00000000
 596    0.05069492    0.00369465    0.99999977    1.00000000    1.00000000
 597    0.05133296    0.00374282    0.99999976    1.00000000    1.00000000
 598    0.05197903    0.00379166    0.99999975    1.00000000    1.00000000
 599    0.05263322    0.00384118    0.99999974    1.00000000    1.00000000
 600    0.05329564    0.00389139    0.99999973    0.99999999    0.99999999
 601    0.05396639    0.00394230    0.99999972    0.99999999    0.99999999
 602    0.05464558    0.00399393    0.99999971    0.99999999    0.99999999
 603    0.05533331    0.00404629    0.99999970    0.99999999    0.99999999
 604    0.05602969    0.00409938    0.99999969    0.99999999    0.99999999
 605    0.05673484    0.00415323    0.99999967    0.99999999    0.99999999
 606    0.05744885    0.00420784    0.99999966    0.99999999    0.99999999
 607    0.05817184    0.00426322    0.99999965    0.99999999    0.99999999
 608    0.05890393    0.00431939    0.99999963    0.99999999    0.99999999
 609    0.05964522    0.00437637    0.99999962    0.99999999    0.99999999
 610    0.06039585    0.00443416    0.99999960    0.99999999    0.99999999
 611    0.06115591    0.00449278    0.99999959    0.99999999    0.99999999
 612    0.06192553    0.00455225    0.99999957    0.99999999    0.99999999
 613    0.06270483    0.00461258    0.99999956    0.99999999    0.99999999
 614    0.06349394    0.00467378    0.99999954    0.99999999    0.99999999
 615    0.06429297    0.00473587    0.99999952    0.99999999    0.99999999
 616    0.06510205    0.00479887    0.99999950    0.99999999    0.99999999
 617    0.06592131    0.00486279    0.99999948    0.99999999    0.99999999
 618    0.06675087    0.00492764    0.99999946    0.99999999    0.99999999
 619    0.06759087    0.00499346    0.99999944    0.99999999    0.99999999
 620    0.06844143    0.00506024    0.99999942    0.99999999    0.99999999
 621    0.06930270    0.00512802    0.99999940    0.99999999    0.99999999
 622    0.07017479    0.00519680    0.99999937    0.99999999    0.99999999
 623    0.07105786    0.00526661    0.99999935    0.99999999    0.99999999
 624    0.07195203    0.00533747    0.99999932    0.99999999    0.99999999
 625    0.07285745    0.00540940    0.99999930    0.99999999    0.99999999
 626    0.07377426    0.00548240    0.99999927    0.99999999    0.99999999
 627    0.07470261    0.00555652    0.99999924    0.99999999    0.99999999
 628    0.07564262    0.00563176    0.99999921    0.99999998    0.99999998
 629    0.07659447    0.00570815    0.99999918    0.99999998    0.99999998
 630    0.07755828    0.00578572    0.99999915    0.99999998    0.99999998
 631    0.07853422    0.00586447    0.99999911    0.99999998    0.99999998
 632    0.07952244    0.00594445    0.99999908    0.99999998    0.99999998
 633    0.08052308    0.00602566    0.99999904    0.99999998    0.99999998
 634    0.08153631    0.00610814    0.99999900    0.99999998    0.99999998
 635    0.08256229    0.00619191    0.99999896    0.99999998    0.99999998
 636    0.08360117    0.00627700    0.99999892    0.99999998    0.99999998
 637    0.08465312    0.00636343    0.99999888    0.99999998    0.99999998
 638    0.08571830    0.00645123    0.99999883    0.99999998    0.99999998
 639    0.08679688    0.00654043    0.99999879    0.99999998    0.99999998
 640    0.08788902    0.00663105    0.99999874    0.99999998    0.99999998
 641    0.08899491    0.00672313    0.99999869    0.99999997    0.99999997
 642    0.09011470    0.00681670    0.99999864    0.99999997    0.99999997
 643    0.09124858    0.00691178    0.99999858    0.99999997    0.99999997
 644    0.09239672    0.00700842    0.99999853    0.99999997    0.99999997
 645    0.09355931    0.00710663    0.99999847    0.99999997    0.99999997
 646    0.09473651    0.00720647    0.99999840    0.99999997    0.99999997
 647    0.09592853    0.00730795    0.99999834    0.99999997    0.99999997
 648    0.09713553    0.00741112    0.99999827    0.99999997    0.99999997
 649    0.09835772    0.00751601    0.99999820    0.99999997    0.99999997
 650    0.09959529    0.00762266    0.99999813    0.99999996    0.99999996
 651    0.10084842    0.00773112    0.99999806    0.99999996    0.99999996
 652    0.10211731    0.00784141    0.99999798    0.99999996    0.99999996
 653    0.10340216    0.00795358    0.99999790    0.99999996    0.99999996
 654    0.10470318    0.00806768    0.99999781    0.99999996    0.99999996
 655    0.10602056    0.00818374    0.99999772    0.99999996    0.99999996
 656    0.10735451    0.00830181    0.99999763    0.99999995    0.99999995
 657    0.10870524    0.00842194    0.99999753    0.99999995    0.99999995
 658    0.11007296    0.00854417    0.99999743    0.99999995    0.99999995
 659    0.11145788    0.00866856    0.99999733    0.99999995    0.99999995
 660    0.11286022    0.00879515    0.99999722    0.99999995    0.99999995
 661    0.11428021    0.00892399    0.99999711    0.99999994    0.99999994
 662    0.11571805    0.00905515    0.99999699    0.99999994    0.99999994
 663    0.11717398    0.00918866    0.99999686    0.99999994    0.99999994
 664    0.11864822    0.00932460    0.99999673    0.99999994    0.99999994
 665    0.12014101    0.00946301    0.99999660    0.99999993    0.99999993
 666    0.12165257    0.00960396    0.99999646    0.99999993    0.99999993
 667    0.12318315    0.00974750    0.99999631    0.99999993    0.99999993
 668    0.12473298    0.00989371    0.99999616    0.99999992    0.99999992
 669    0.12630230    0.01004265    0.99999600    0.99999992    0.99999992
 670    0.12789136    0.01019439    0.99999583    0.99999992    0.99999992
 671    0.12950041    0.01034899    0.99999566    0.99999991    0.99999991
 672    0.13112971    0.01050652    0.99999548    0.99999991    0.99999991
 673    0.13277949    0.01066707    0.99999529    0.99999991    0.99999991
 674    0.13445003    0.01083071    0.99999509    0.99999990    0.99999990
 675    0.13614157    0.01099751    0.99999489    0.99999990    0.99999990
 676    0.13785440    0.01116756    0.99999467    0.99999990    0.99999990
 677    0.13958877    0.01134093    0.99999445    0.99999989    0.99999989
 678    0.14134496    0.01151773    0.99999421    0.99999989    0.99999989
 679    0.14312323    0.01169803    0.99999397    0.99999988    0.99999988
 680    0.14492388    0.01188192    0.99999371    0.99999988    0.99999988
 681    0.14674717    0.01206951    0.99999345    0.99999987    0.99999987
 682    0.14859340    0.01226089    0.99999317    0.99999986    0.99999986
 683    0.15046285    0.01245616    0.99999288    0.99999986    0.99999986
 684    0.15235581    0.01265542    0.99999257    0.99999985    0.99999985
 685    0.15427259    0.01285878    0.99999225    0.99999985    0.99999985
 686    0.15621348    0.01306635    0.99999192    0.99999984    0.99999984
 687    0.15817878    0.01327825    0.99999157    0.99999983    0.99999983
 688    0.16016880    0.01349459    0.99999120    0.99999983    0.99999983
 689    0.16218385    0.01371549    0.99999082    0.99999982    0.99999982
 690    0.16422424    0.01394109    0.99999042    0.99999981    0.99999981
 691    0.16629031    0.01417150    0.99999001    0.99999980    0.99999980
 692    0.16838236    0.01440686    0.99998957    0.99999979    0.99999979
 693    0.17050072    0.01464732    0.99998911    0.99999978    0.99999978
 694    0.17264573    0.01489300    0.99998863    0.99999977    0.99999977
 695    0.17481772    0.01514406    0.99998813    0.99999977    0.99999977
 696    0.17701704    0.01540065    0.99998761    0.99999975    0.99999975
 697    0.17924401    0.01566293    0.99998706    0.99999974    0.99999974
 698    0.18149900    0.01593106    0.99998648    0.99999973    0.99999973
 699    0.18378235    0.01620519    0.99998588    0.99999972    0.99999972
 700    0.18609442    0.01648552    0.99998525    0.99999971    0.99999971
 701    0.18843558    0.01677220    0.99998458    0.99999970    0.99999970
 702    0.19080618    0.01706543    0.99998389    0.99999968    0.99999968
 703    0.19320661    0.01736539    0.99998316    0.99999967    0.99999967
 704    0.19563722    0.01767229    0.99998240    0.99999965    0.99999965
 705    0.19809841    0.01798631    0.99998160    0.99999964    0.99999964
 706    0.20059056    0.01830767    0.99998075    0.99999962    0.99999962
 707    0.20311405    0.01863658    0.99997987    0.99999961    0.99999961
 708    0.20566929    0.01897327    0.99997895    0.99999959    0.99999959
 709    0.20825666    0.01931796    0.99997798    0.99999957    0.99999957
 710    0.21087659    0.01967089    0.99997696    0.99999955    0.99999955
 711    0.21352946    0.02003230    0.99997588    0.99999953    0.99999953
 712    0.21621571    0.02040244    0.99997476    0.99999951    0.99999951
 713    0.21893574    0.02078158    0.99997358    0.99999949    0.99999949
 714    0.22168999    0.02116998    0.99997234    0.99999947    0.99999947
 715    0.22447888    0.02156791    0.99997103    0.99999945    0.99999945
 716    0.22730286    0.02197566    0.99996966    0.99999942    0.99999942
 717    0.23016235    0.02239353    0.99996821    0.99999940    0.99999940
 718    0.23305781    0.02282182    0.99996670    0.99999937    0.99999937
 719    0.23598969    0.02326084    0.99996510    0.99999934    0.99999934
 720    0.23895845    0.02371092    0.99996342    0.99999931    0.99999931
 721    0.24196456    0.02417239    0.99996165    0.99999929    0.99999929
 722    0.24500847    0.02464559    0.99995979    0.99999926    0.99999926
 723    0.24809067    0.02513087    0.99995783    0.99999922    0.99999922
 724    0.25121165    0.02562862    0.99995577    0.99999919    0.99999919
 725    0.25437188    0.02613920    0.99995360    0.99999916    0.99999916
 726    0.25757186    0.02666300    0.99995131    0.99999912    0.99999912
 727    0.26081209    0.02720042    0.99994890    0.99999908    0.99999908
 728    0.26409307    0.02775188    0.99994635    0.99999905    0.99999905
 729    0.26741533    0.02831781    0.99994367    0.99999901    0.99999901
 730    0.27077938    0.02889865    0.99994085    0.99999897    0.99999897
 731    0.27418574    0.02949485    0.99993786    0.99999893    0.99999893
 732    0.27763495    0.03010688    0.99993472    0.99999888    0.99999888
 733    0.28112754    0.03073523    0.99993140    0.99999884    0.99999884
 734    0.28466406    0.03138039    0.99992789    0.99999880    0.99999880
 735    0.28824507    0.03204287    0.99992419    0.99999875    0.99999875
 736    0.29187113    0.03272321    0.99992029    0.99999870    0.99999870
 737    0.29554279    0.03342194    0.99991616    0.99999865    0.99999865
 738    0.29926063    0.03413964    0.99991180    0.99999860    0.99999860
 739    0.30302525    0.03487687    0.99990719    0.99999855    0.99999855
 740    0.30683721    0.03563424    0.99990232    0.99999850    0.99999850
 741    0.31069712    0.03641236    0.99989717    0.99999845    0.99999845
 742    0.31460559    0.03721186    0.99989173    0.99999840    0.99999840
 743    0.31856321    0.03803339    0.99988596    0.99999835    0.99999835
 744    0.32257062    0.03887761    0.99987987    0.99999830    0.99999830
 745    0.32662844    0.03974523    0.99987342    0.99999825    0.99999825
 746    0.33073729    0.04063695    0.99986659    0.99999820    0.99999820
 747    0.33489783    0.04155350    0.99985936    0.99999815    0.99999815
 748    0.33911070    0.04249562    0.99985171    0.99999811    0.99999811
 749    0.34337656    0.04346410    0.99984360    0.99999806    0.99999806
 750    0.34769609    0.04445972    0.99983501    0.99999802    0.99999802
 751    0.35206994    0.04548330    0.99982590    0.99999798    0.99999798
 752    0.35649881    0.04653569    0.99981625    0.99999795    0.99999795
 753    0.36098339    0.04761774    0.99980602    0.99999792    0.99999792
 754    0.36552438    0.04873034    0.99979517    0.99999789    0.99999789
 755    0.37012248    0.04987440    0.99978366    0.99999788    0.99999788
 756    0.37477843    0.05105086    0.99977145    0.99999787    0.99999787
 757    0.37949293    0.05226068    0.99975849    0.99999787    0.99999787
 758    0.38426674    0.05350483    0.99974474    0.99999789    0.99999789
 759    0.38910060    0.05478435    0.99973014    0.99999791    0.99999791
 760    0.39399526    0.05610025    0.99971464    0.99999795    0.99999795
 761    0.39895148    0.05745362    0.99969818    0.99999801    0.99999801
 762    0.40397005    0.05884553    0.99968069    0.99999809    0.99999809
 763    0.40905175    0.06027712    0.99966211    0.99999819    0.99999819
 764    0.41419736    0.06174952    0.99964237    0.99999831    0.99999831
 765    0.41940770    0.06326392    0.99962138    0.99999846    0.99999846
 766    0.42468357    0.06482151    0.99959908    0.99999864    0.99999864
 767    0.43002581    0.06642354    0.99957536    0.99999886    0.99999886
 768    0.43543524    0.06807126    0.99955014    0.99999912    0.99999912
 769    0.44091272    0.06976597    0.99952331    0.99999943    0.99999943
 770    0.44645909    0.07150899    0.99949477    0.99999978    0.99999978
 771    0.45207523    0.07330166    0.99946440    1.00000020    1.00000020
 772    0.45776202    0.07514538    0.99943209    1.00000067    1.00000067
 773    0.46352033    0.07704156    0.99939770    1.00000122    1.00000122
 774    0.46935107    0.07899163    0.99936109    1.00000185    1.00000185
 775    0.47525516    0.08099707    0.99932211    1.00000257    1.00000257
 776    0.48123351    0.08305938    0.99928061    1.00000338    1.00000338
 777    0.48728706    0.08518010    0.99923641    1.00000431    1.00000431
 778    0.49341675    0.08736078    0.99918934    1.00000536    1.00000536
 779    0.49962354    0.08960302    0.99913919    1.00000655    1.00000655
 780    0.50590841    0.09190845    0.99908577    1.00000789    1.00000789
 781    0.51227233    0.09427871    0.99902885    1.00000940    1.00000940
 782    0.51871630    0.09671549    0.99896820    1.00001109    1.00001109
 783    0.52524132    0.09922050    0.99890356    1.00001299    1.00001299
 784    0.53184842    0.10179547    0.99883467    1.00001512    1.00001512
 785    0.53853862    0.10444218    0.99876123    1.00001751    1.00001751
 786    0.54531298    0.10716242    0.99868295    1.00002018    1.00002018
 787    0.55217255    0.10995801    0.99859949    1.00002316    1.00002316
 788    0.55911840    0.11283079    0.99851051    1.00002648    1.00002648
 789    0.56615162    0.11578263    0.99841564    1.00003018    1.00003018
 790    0.57327331    0.11881544    0.99831447    1.00003431    1.00003431
 791    0.58048457    0.12193113    0.99820659    1.00003889    1.00003889
 792    0.58778655    0.12513164    0.99809154    1.00004399    1.00004399
 793    0.59518037    0.12841893    0.99796884    1.00004964    1.00004964
 794    0.60266719    0.13179498    0.99783798    1.00005592    1.00005592
 795    0.61024818    0.13526179    0.99769841    1.00006288    1.00006288
 796    0.61792454    0.13882137    0.99754955    1.00007059    1.00007059
 797    0.62569745    0.14247574    0.99739078    1.00007912    1.00007912
 798    0.63356813    0.14622695    0.99722143    1.00008856    1.00008856
 799    0.64153781    0.15007705    0.99704080    1.00009900    1.00009900
 800    0.64960774    0.15402810    0.99684815    1.00011053    1.00011053
 801    0.65777917    0.15808215    0.99664266    1.00012326    1.00012326
 802    0.66605339    0.16224128    0.99642350    1.00013732    1.00013732
 803    0.67443169    0.16650755    0.99618976    1.00015282    1.00015282
 804    0.68291537    0.17088303    0.99594048    1.00016990    1.00016990
 805    0.69150576    0.17536979    0.99567463    1.00018872    1.00018872
 806    0.70020421    0.17996986    0.99539113    1.00020945    1.00020945
 807    0.70901207    0.18468530    0.99508882    1.00023225    1.00023225
 808    0.71793072    0.18951812    0.99476649    1.00025734    1.00025734
 809    0.72696155    0.19447034    0.99442281    1.00028492    1.00028492
 810    0.73610598    0.19954393    0.99405642    1.00031523    1.00031523
 811    0.74536543    0.20474086    0.99366585    1.00034852    1.00034852
 812    0.75474135    0.21006303    0.99324953    1.00038507    1.00038507
 813    0.76423520    0.21551234    0.99280582    1.00042518    1.00042518
 814    0.77384847    0.22109064    0.99233297    1.00046917    1.00046917
 815    0.78358266    0.22679970    0.99182912    1.00051739    1.00051739
 816    0.79343929    0.23264128    0.99129232    1.00057025    1.00057025
 817    0.80341991    0.23861706    0.99072049    1.00062814    1.00062814
 818    0.81352606    0.24472864    0.99011142    1.00069154    1.00069154
 819    0.82375933    0.25097758    0.98946279    1.00076092    1.00076092
 820    0.83412133    0.25736533    0.98877214    1.00083684    1.00083684
 821    0.84461366    0.26389327    0.98803689    1.00091987    1.00091987
 822    0.85523797    0.27056266    0.98725427    1.00101064    1.00101064
 823    0.86599591    0.27737467    0.98642141    1.00110985    1.00110985
 824    0.87688917    0.28433036    0.98553524    1.00121823    1.00121823
 825    0.88791946    0.29143065    0.98459255    1.00133659    1.00133659
 826    0.89908848    0.29867634    0.98358995    1.00146582    1.00146582
 827    0.91039800    0.30606806    0.98252386    1.00160686    1.00160686
 828    0.92184977    0.31360629    0.98139054    1.00176075    1.00176075
 829    0.93344559    0.32129135    0.98018603    1.00192861    1.00192861
 830    0.94518727    0.32912335    0.97890618    1.00211166    1.00211166
 831    0.95707664    0.33710220    0.97754663    1.00231122    1.00231122
 832    0.96911555    0.34522762    0.97610282    1.00252872    1.00252872
 833    0.98130590    0.35349906    0.97456996    1.00276573    1.00276573
 834    0.99364959    0.36191574    0.97294302    1.00302393    1.00302393
 835    1.00614854    0.37047660    0.97121676    1.00330517    1.00330517
 836    1.01880470    0.37918027    0.96938569    1.00361143    1.00361143
 837    1.03162006    0.38802511    0.96744408    1.00394489    1.00394489
 838    1.04459662    0.39700910    0.96538595    1.00430790    1.00430790
 839    1.05773641    0.40612988    0.96320508    1.00470301    1.00470301
 840    1.07104147    0.41538470    0.96089499    1.00513300    1.00513300
 841    1.08451389    0.42477040    0.95844894    1.00560088    1.00560088
 842    1.09815577    0.43428337    0.95585994    1.00610992    1.00610992
 843    1.11196924    0.44391953    0.95312074    1.00666367    1.00666367
 844    1.12595647    0.45367429    0.95022385    1.00726597    1.00726597
 845    1.14011963    0.46354255    0.94716153    1.00792100    1.00792100
 846    1.15446095    0.47351862    0.94392578    1.00863327    1.00863327
 847    1.16898266    0.48359620    0.94050839    1.00940766    1.00940766
 848    1.18368702    0.49376835    0.93690091    1.01024947    1.01024947
 849    1.19857635    0.50402748    0.93309468    1.01116440    1.01116440
 850    1.21365296    0.51436524    0.92908085    1.01215860    1.01215860
 851    1.22891921    0.52477255    0.92485041    1.01323869    1.01323869
 852    1.24437749    0.53523954    0.92039416    1.01441179    1.01441179
 853    1.26003020    0.54575550    0.91570282    1.01568553    1.01568553
 854    1.27587981    0.55630885    0.91076697    1.01706806    1.01706806
 855    1.29192878    0.56688710    0.90557715    1.01856808    1.01856808
 856    1.30817961    0.57747682    0.90012389    1.02019483    1.02019483
 857    1.32463486    0.58806362    0.89439772    1.02195810    1.02195810
 858    1.34129709    0.59863210    0.88838924    1.02386821    1.02386821
 859    1.35816891    0.60916581    0.88208918    1.02593597    1.02593597
 860    1.37525295    0.61964728    0.87548846    1.02817268    1.02817268
 861    1.39255188    0.63005795    0.86857825    1.03059003    1.03059003
 862    1.41006840    0.64037820    0.86135001    1.03320004    1.03320004
 863    1.42780525    0.65058732    0.85379562    1.03601497    1.03601497
 864    1.44576521    0.66066354    0.84590743    1.03904717    1.03904717
 865    1.46395107    0.67058405    0.83767834    1.04230893    1.04230893
 866    1.48236568    0.68032498    0.82910190    1.04581227    1.04581227
 867    1.50101192    0.68986153    0.82017241    1.04956872    1.04956872
 868    1.51989270    0.69916792    0.81088500    1.05358902    1.05358902
 869    1.53901098    0.70821757    0.80123575    1.05788283    1.05788283
 870    1.55836973    0.71698308    0.79122177    1.06245830    1.06245830
 871    1.57797198    0.72543643    0.78084132    1.06732169    1.06732169
 872    1.59782080    0.73354903    0.77009390    1.07247687    1.07247687
 873    1.61791929    0.74129191    0.75898033    1.07792478    1.07792478
 874    1.63827058    0.74863584    0.74750290    1.08366287    1.08366287
 875    1.65887787    0.75555154    0.73566539    1.08968449    1.08968449
 876    1.67974436    0.76200989    0.72347318    1.09597817    1.09597817
 877    1.70087332    0.76798212    0.71093335    1.10252701    1.10252701
 878    1.72226804    0.77344005    0.69805466    1.10930794    1.10930794
 879    1.74393188    0.77835638    0.68484767    1.11629107    1.11629107
 880    1.76586822    0.78270493    0.67132471    1.12343893    1.12343893
 881    1.78808049    0.78646092    0.65749991    1.13070611    1.13070611
 882    1.81057215    0.78960128    0.64338921    1.13803860    1.13803860
 883    1.83334672    0.79210495    0.62901026    1.14537333    1.14537333
 884    1.85640775    0.79395314    0.61438242    1.15263813    1.15263813
 885    1.87975886    0.79512966    0.59952666    1.15975164    1.15975164
 886    1.90340370    0.79562118    0.58446543    1.16662360    1.16662360
 887    1.92734594    0.79541749    0.56922256    1.17315537    1.17315537
 888    1.95158935    0.79451176    0.55382309    1.17924076    1.17924076
 889    1.97613769    0.79290069    0.53829310    1.18476731    1.18476731
 890    2.00099482    0.79058471    0.52265949    1.18961778    1.18961778
 891    2.02616461    0.78756807    0.50694981    1.19367222    1.19367222
 892    2.05165100    0.78385888    0.49119201    1.19681023    1.19681023
 893    2.07745797    0.77946911    0.47541421    1.19891371    1.19891371
 894    2.10358955    0.77441447    0.45964449    1.19986980    1.19986980
 895    2.13004983    0.76871425    0.44391061    1.19957414    1.19957414
 896    2.15684293    0.76239105    0.42823985    1.19793417    1.19793417
 897    2.18397305    0.75547042    0.41265875    1.19487252    1.19487252
 898    2.21144442    0.74798046    0.39719295    1.19033023    1.19033023
 899    2.23926135    0.73995121    0.38186702    1.18426972    1.18426972
 900    2.26742816    0.73141413    0.36670434    1.17667729    1.17667729
 901    2.29594927    0.72240134    0.35172699    1.16756502    1.16756502
 902    2.32482914    0.71294494    0.33695569    1.15697195    1.15697195
 903    2.35407226    0.70307617    0.32240981    1.14496432    1.14496432
 904    2.38368322    0.69282462    0.30810735    1.13163451    1.13163451
 905    2.41366664    0.68221747    0.29406505    1.11710004    1.11710004
 906    2.44402721    0.67127859    0.28029844    1.10148497    1.10148497
 907    2.47476966    0.66002900    0.26682198    1.08487863    1.08487863
 908    2.50589881    0.64848882    0.25364901    1.06733009    1.06733009
 909    2.53741951    0.63667819    0.24079178    1.04887966    1.04887966
 910    2.56933669    0.62461708    0.22826141    1.02957167    1.02957167
 911    2.60165534    0.61232535    0.21606789    1.00945310    1.00945310
 912    2.63438052    0.59982266    0.20422005    0.98857362    0.98857362
 913    2.66751732    0.58712846    0.19272559    0.96698530    0.96698530
 914    2.70107093    0.57426192    0.18159109    0.94474231    0.94474231
 915    2.73504660    0.56124196    0.17082198    0.92190069    0.92190069
 916    2.76944962    0.54808712    0.16042260    0.89851803    0.89851803
 917    2.80428539    0.53481563    0.15039620    0.87465317    0.87465317
 918    2.83955933    0.52144530    0.14074496    0.85036591    0.85036591
 919    2.87527697    0.50799352    0.13147004    0.82571676    0.82571676
 920    2.91144387    0.49447723    0.12257156    0.80076660    0.80076660
 921    2.94806570    0.48091289    0.11404872    0.77557640    0.77557640
 922    2.98514818    0.46731643    0.10589976    0.75020698    0.75020698
 923    3.02269710    0.45370325    0.09812203    0.72471868    0.72471868
 924    3.06071832    0.44008818    0.09071205    0.69917116    0.69917116
 925    3.09921780    0.42648545    0.08366553    0.67362310    0.67362310
 926    3.13820153    0.41290869    0.07697743    0.64813197    0.64813197
 927    3.17767563    0.39937086    0.07064199    0.62275381    0.62275381
 928    3.21764624    0.38588425    0.06465282    0.59754301    0.59754301
 929    3.25811962    0.37246049    0.05900292    0.57255212    0.57255212
 930    3.29910210    0.35911045    0.05368470    0.54783164    0.54783164
 931    3.34060007    0.34584429    0.04869011    0.52342989    0.52342989
 932    3.38262002    0.33267140    0.04401063    0.49939282    0.49939282
 933    3.42516852    0.31960040    0.03963732    0.47576392    0.47576392
 934    3.46825221    0.30663908    0.03556089    0.45258405    0.45258405
 935    3.51187783    0.29379443    0.03177176    0.42989139    0.42989139
 936    3.55605219    0.28107257    0.02826005    0.40772134    0.40772134
 937    3.60078220    0.26847876    0.02501568    0.38610645    0.38610645
 938    3.64607484    0.25601735    0.02202838    0.36507638    0.36507638
 939    3.69193719    0.24369179    0.01928776    0.34465787    0.34465787
 940    3.73837642    0.23150456    0.01678329    0.32487474    0.32487474
 941    3.78539978    0.21945719    0.01450439    0.30574786    0.30574786
 942    3.83301462    0.20755019    0.01244044    0.28729520    0.28729520
 943    3.88122839    0.19578306    0.01058078    0.26953184    0.26953184
 944    3.93004860    0.18415421    0.00891478    0.25247004    0.25247004
 945    3.97948291    0.17266096    0.00743183    0.23611929    0.23611929
 946    4.02953901    0.16129951    0.00612133    0.22048639    0.22048639
 947    4.08022475    0.15006486    0.00497277    0.20557551    0.20557551
 948    4.13154804    0.13895080    0.00397565    0.19138832    0.19138832
 949    4.18351689    0.12794983    0.00311953    0.17792411    0.17792411
 950    4.23613943    0.11705314    0.00239401    0.16517987    0.16517987
 951    4.28942388    0.10625053    0.00178870    0.15315047    0.15315047
 952    4.34337856    0.09553032    0.00129323    0.14182875    0.14182875
 953    4.39801192    0.08487935    0.00089716    0.13120575    0.13120575
 954    4.45333247    0.07428278    0.00058999    0.12127078    0.12127078
 955    4.50934887    0.06372413    0.00036110    0.11201169    0.11201169
 956    4.56606988    0.05318507    0.00019965    0.10341500    0.10341500
 957    4.62350434    0.04264535    0.00009454    0.09546612    0.09546612
 958    4.68166124    0.03208269    0.00003431    0.08814957    0.08814957
 959    4.74054967    0.02147257    0.00000698    0.08144921    0.08144921
 960    4.80017882    0.01078814    0.00000000    0.07534854    0.07534854
 961    4.86055801    0.00000000    0.00000000    0.07534854    0.07534854
