   0.0000000000000000        1.0447464311393893     
   3.7564896548722734E-007   1.0447464311358137     
   7.5602301328312340E-007   1.0447464311321930     
   1.1411815776065361E-006   1.0447464311260457     
   1.5311848402667522E-006   1.0447464311172772     
   1.9260937400670221E-006   1.0447464311057901     
   2.3259699823264033E-006   1.0447464310914842     
   2.7308760485212949E-006   1.0447464310742569     
   3.1408752060483257E-006   1.0447464310540013     
   3.5560315181100115E-006   1.0447464310306094     
   3.9764098537247500E-006   1.0447464310039665     
   4.4020758978627546E-006   1.0447464309739587     
   4.8330961617094387E-006   1.0447464309404668     
   5.2695379930579550E-006   1.0447464309033676     
   5.7114695868323910E-006   1.0447464308625352     
   6.1589599957433956E-006   1.0447464308178411     
   6.6120791410777875E-006   1.0447464307691510     
   7.0708978236239014E-006   1.0447464307163274     
   7.5354877347343580E-006   1.0447464306592305     
   8.0059214675279869E-006   1.0447464305977128     
   8.4822725282326312E-006   1.0447464305316267     
   8.9646153476706887E-006   1.0447464304608196     
   9.4530252928890151E-006   1.0447464303851315     
   9.9475786789352432E-006   1.0447464303044018     
   1.0448352780782103E-005   1.0447464302184621     
   1.0955425845401845E-005   1.0447464301271419     
   1.1468877103992474E-005   1.0447464300302627     
   1.1988786784357759E-005   1.0447464299276461     
   1.2515236123443031E-005   1.0447464298191018     
   1.3048307380028585E-005   1.0447464297044400     
   1.3588083847582795E-005   1.0447464295834648     
   1.4134649867276917E-005   1.0447464294559707     
   1.4688090841163524E-005   1.0447464293217510     
   1.5248493245520766E-005   1.0447464291805908     
   1.5815944644364461E-005   1.0447464290322701     
   1.6390533703130180E-005   1.0447464288765616     
   1.6972350202527367E-005   1.0447464287132333     
   1.7561485052567756E-005   1.0447464285420474     
   1.8158030306770282E-005   1.0447464283627548     
   1.8762079176544591E-005   1.0447464281751058     
   1.9373726045755525E-005   1.0447464279788408     
   1.9993066485470815E-005   1.0447464277736904     
   2.0620197268894219E-005   1.0447464275593830     
   2.1255216386486544E-005   1.0447464273356355     
   2.1898223061276894E-005   1.0447464271021589     
   2.2549317764366392E-005   1.0447464268586568     
   2.3208602230627074E-005   1.0447464266048216     
   2.3876179474598093E-005   1.0447464263403412     
   2.4552153806582049E-005   1.0447464260648915     
   2.5236630848943566E-005   1.0447464257781420     
   2.5929717552613104E-005   1.0447464254797514     
   2.6631522213798218E-005   1.0447464251693710     
   2.7342154490905031E-005   1.0447464248466407     
   2.8061725421672647E-005   1.0447464245111922     
   2.8790347440522970E-005   1.0447464241626452     
   2.9528134396128838E-005   1.0447464238006108     
   3.0275201569203109E-005   1.0447464234246884     
   3.1031665690511498E-005   1.0447464230344676     
   3.1797644959111990E-005   1.0447464226295269     
   3.2573259060823698E-005   1.0447464222094309     
   3.3358629186928024E-005   1.0447464217737354     
   3.4153878053105020E-005   1.0447464213219833     
   3.4959129918607965E-005   1.0447464208537036     
   3.5774510605679151E-005   1.0447464203684163     
   3.6600147519209815E-005   1.0447464198656236     
   3.7436169666647484E-005   1.0447464193448179     
   3.8282707678153617E-005   1.0447464188054771     
   3.9139893827014762E-005   1.0447464182470618     
   4.0007862050310670E-005   1.0447464176690251     
   4.0886747969842104E-005   1.0447464170707983     
   4.1776688913322128E-005   1.0447464164518012     
   4.2677823935833729E-005   1.0447464158114383     
   4.3590293841557566E-005   1.0447464151490973     
   4.4514241205772845E-005   1.0447464144641463     
   4.5449810397134982E-005   1.0447464137559421     
   4.6397147600233593E-005   1.0447464130238209     
   4.7356400838434024E-005   1.0447464122671022     
   4.8327719997006345E-005   1.0447464114850866     
   4.9311256846545269E-005   1.0447464106770565     
   5.0307165066684542E-005   1.0447464098422747     
   5.1315600270109741E-005   1.0447464089799858     
   5.2336720026873101E-005   1.0447464080894131     
   5.3370683889014117E-005   1.0447464071697590     
   5.4417653415489831E-005   1.0447464062202048     
   5.5477792197418820E-005   1.0447464052399100     
   5.6551265883642666E-005   1.0447464042280139     
   5.7638242206608806E-005   1.0447464031836298     
   5.8738891008579234E-005   1.0447464021058495     
   5.9853384268168471E-005   1.0447464009937384     
   6.0981896127215819E-005   1.0447463998463413     
   6.2124602917995210E-005   1.0447463986626730     
   6.3281683190767610E-005   1.0447463974417266     
   6.4453317741679689E-005   1.0447463961824643     
   6.5639689641013742E-005   1.0447463948838240     
   6.6840984261792733E-005   1.0447463935447143     
   6.8057389308745210E-005   1.0447463921640148     
   6.9289094847634609E-005   1.0447463907405770     
   7.0536293334957212E-005   1.0447463892732198     
   7.1799179648014165E-005   1.0447463877607330     
   7.3077951115361239E-005   1.0447463862018735     
   7.4372807547641874E-005   1.0447463845953653     
   7.5683951268808069E-005   1.0447463829399002     
   7.7011587147733724E-005   1.0447463812341335     
   7.8355922630226048E-005   1.0447463794766869     
   7.9717167771439274E-005   1.0447463776661445     
   8.1095535268696156E-005   1.0447463758010556     
   8.2491240494722505E-005   1.0447463738799272     
   8.3904501531299402E-005   1.0447463719012324     
   8.5335539203339159E-005   1.0447463698633994     
   8.6784577113389481E-005   1.0447463677648183     
   8.8251841676571937E-005   1.0447463656038356     
   8.9737562155959679E-005   1.0447463633787559     
   9.1241970698400311E-005   1.0447463610878367     
   9.2765302370789333E-005   1.0447463587292936     
   9.4307795196799809E-005   1.0447463563012924     
   9.5869690194074039E-005   1.0447463538019517     
   9.7451231411883104E-005   1.0447463512293425     
   9.9052665969259827E-005   1.0447463485814841     
   1.0067424409361203E-004   1.0447463458563429     
   1.0231621915982074E-004   1.0447463430518353     
   1.0397884772983070E-004   1.0447463401658204     
   1.0566238959273864E-004   1.0447463371961019     
   1.0736710780538574E-004   1.0447463341404291     
   1.0909326873346107E-004   1.0447463309964893     
   1.1084114209312155E-004   1.0447463277619102     
   1.1261100099313565E-004   1.0447463244342605     
   1.1440312197755738E-004   1.0447463210110406     
   1.1621778506893661E-004   1.0447463174896900     
   1.1805527381207330E-004   1.0447463138675805     
   1.1991587531832202E-004   1.0447463101420142     
   1.2179988031045351E-004   1.0447463063102251     
   1.2370758316808086E-004   1.0447463023693739     
   1.2563928197365678E-004   1.0447462983165476     
   1.2759527855904973E-004   1.0447462941487593     
   1.2957587855270570E-004   1.0447462898629416     
   1.3158139142740324E-004   1.0447462854559506     
   1.3361213054860935E-004   1.0447462809245573     
   1.3566841322344318E-004   1.0447462762654529     
   1.3775056075025622E-004   1.0447462714752402     
   1.3985889846883574E-004   1.0447462665504343     
   1.4199375581123972E-004   1.0447462614874603     
   1.4415546635327133E-004   1.0447462562826517     
   1.4634436786660073E-004   1.0447462509322443     
   1.4856080237154274E-004   1.0447462454323806     
   1.5080511619049817E-004   1.0447462397790979     
   1.5307766000206732E-004   1.0447462339683367     
   1.5537878889584428E-004   1.0447462279959281     
   1.5770886242790034E-004   1.0447462218575980     
   1.6006824467696546E-004   1.0447462155489591     
   1.6245730430131629E-004   1.0447462090655133     
   1.6487641459637971E-004   1.0447462024026462     
   1.6732595355306110E-004   1.0447461955556228     
   1.6980630391680591E-004   1.0447461885195863     
   1.7231785324740492E-004   1.0447461812895544     
   1.7486099397955076E-004   1.0447461738604169     
   1.7743612348415693E-004   1.0447461662269308     
   1.8004364413044767E-004   1.0447461583837176     
   1.8268396334882893E-004   1.0447461503252624     
   1.8535749369455042E-004   1.0447461420459048     
   1.8806465291216798E-004   1.0447461335398402     
   1.9080586400081715E-004   1.0447461248011154     
   1.9358155528030756E-004   1.0447461158236220     
   1.9639216045804872E-004   1.0447461066010943     
   1.9923811869681802E-004   1.0447460971271054     
   2.0211987468338039E-004   1.0447460873950645     
   2.0503787869797154E-004   1.0447460773982096     
   2.0799258668465571E-004   1.0447460671296043     
   2.1098446032256701E-004   1.0447460565821349     
   2.1401396709804860E-004   1.0447460457485032     
   2.1708158037769755E-004   1.0447460346212241     
   2.2018777948232994E-004   1.0447460231926211     
   2.2333304976187559E-004   1.0447460114548182     
   2.2651788267121458E-004   1.0447459993997383     
   2.2974277584696882E-004   1.0447459870190956     
   2.3300823318525801E-004   1.0447459743043932     
   2.3631476492043477E-004   1.0447459612469130     
   2.3966288770481013E-004   1.0447459478377163     
   2.4305312468938072E-004   1.0447459340676319     
   2.4648600560557316E-004   1.0447459199272549     
   2.4996206684801470E-004   1.0447459054069383     
   2.5348185155834641E-004   1.0447458904967877     
   2.5704590971009059E-004   1.0447458751866545     
   2.6065479819458440E-004   1.0447458594661283     
   2.6430908090799613E-004   1.0447458433245349     
   2.6800932883943424E-004   1.0447458267509233     
   2.7175612016016611E-004   1.0447458097340632     
   2.7555004031395888E-004   1.0447457922624357     
   2.7939168210855495E-004   1.0447457743242259     
   2.8328164580830107E-004   1.0447457559073179     
   2.8722053922793919E-004   1.0447457369992836     
   2.9120897782757986E-004   1.0447457175873762     
   2.9524758480886903E-004   1.0447456976585250     
   2.9933699121236396E-004   1.0447456771993189     
   3.0347783601613514E-004   1.0447456561960102     
   3.0767076623560796E-004   1.0447456346344941     
   3.1191643702465954E-004   1.0447456125003058     
   3.1621551177798886E-004   1.0447455897786111     
   3.2056866223477247E-004   1.0447455664541947     
   3.2497656858362570E-004   1.0447455425114540     
   3.2943991956888377E-004   1.0447455179343841     
   3.3395941259821860E-004   1.0447454927065716     
   3.3853575385161134E-004   1.0447454668111851     
   3.4316965839169321E-004   1.0447454402309602     
   3.4786185027547631E-004   1.0447454129481910     
   3.5261306266748908E-004   1.0447453849447197     
   3.5742403795433386E-004   1.0447453562019251     
   3.6229552786068761E-004   1.0447453267007079     
   3.6722829356675916E-004   1.0447452964214812     
   3.7222310582722559E-004   1.0447452653441560     
   3.7728074509166509E-004   1.0447452334481335     
   3.8240200162650210E-004   1.0447452007122850     
   3.8758767563848998E-004   1.0447451671149426     
   3.9283857739974315E-004   1.0447451326338859     
   3.9815552737434463E-004   1.0447450972463255     
   4.0353935634654587E-004   1.0447450609288911     
   4.0899090555057682E-004   1.0447450236576143     
   4.1451102680209223E-004   1.0447449854079149     
   4.2010058263126823E-004   1.0447449461545846     
   4.2576044641757501E-004   1.0447449058717735     
   4.3149150252624468E-004   1.0447448645329684     
   4.3729464644645362E-004   1.0447448221109827     
   4.4317078493124652E-004   1.0447447785779329     
   4.4912083613921647E-004   1.0447447339052256     
   4.5514572977796989E-004   1.0447446880635358     
   4.6124640724939605E-004   1.0447446410227947     
   4.6742382179676135E-004   1.0447445927521601     
   4.7367893865365735E-004   1.0447445432200071     
   4.8001273519481880E-004   1.0447444923939029     
   4.8642620108884125E-004   1.0447444402405872     
   4.9292033845281947E-004   1.0447443867259518     
   4.9949616200892851E-004   1.0447443318150182     
   5.0615469924297795E-004   1.0447442754719152     
   5.1289699056495741E-004   1.0447442176598596     
   5.1972408947160303E-004   1.0447441583411279     
   5.2663706271100918E-004   1.0447440974770361     
   5.3363699044930871E-004   1.0447440350279122     
   5.4072496643945268E-004   1.0447439709530759     
   5.4790209819210978E-004   1.0447439052108076     
   5.5516950714871831E-004   1.0447438377583262     
   5.6252832885671364E-004   1.0447437685517589     
   5.6997971314695888E-004   1.0447436975461160     
   5.7752482431340990E-004   1.0447436246952622     
   5.8516484129503678E-004   1.0447435499518847     
   5.9290095786003656E-004   1.0447434732674659     
   6.0073438279236195E-004   1.0447433945922555     
   6.0866634008059574E-004   1.0447433138752311     
   6.1669806910920214E-004   1.0447432310640767     
   6.2483082485218237E-004   1.0447431461051384     
   6.3306587806916722E-004   1.0447430589433977     
   6.4140451550397668E-004   1.0447429695224362     
   6.4984804008567465E-004   1.0447428777843997     
   6.5839777113215576E-004   1.0447427836699583     
   6.6705504455629068E-004   1.0447426871182752     
   6.7582121307466474E-004   1.0447425880669614     
   6.8469764641894448E-004   1.0447424864520420     
   6.9368573154989866E-004   1.0447423822079143     
   7.0278687287411582E-004   1.0447422752673046     
   7.1200249246344436E-004   1.0447421655612275     
   7.2133403027719364E-004   1.0447420530189422     
   7.3078294438713319E-004   1.0447419375679086     
   7.4035071120531586E-004   1.0447418191337403     
   7.5003882571477343E-004   1.0447416976401576     
   7.5984880170310845E-004   1.0447415730089409     
   7.6978217199902711E-004   1.0447414451598833     
   7.7984048871184851E-004   1.0447413140107318     
   7.9002532347402206E-004   1.0447411794771477     
   8.0033826768670141E-004   1.0447410414726417     
   8.1078093276840135E-004   1.0447408999085290     
   8.2135495040678598E-004   1.0447407546938674     
   8.3206197281362527E-004   1.0447406057354025     
   8.4290367298295310E-004   1.0447404529375086     
   8.5388174495247928E-004   1.0447402962021279     
   8.6499790406828372E-004   1.0447401354287102     
   8.7625388725284391E-004   1.0447399705141496     
   8.8765145327643368E-004   1.0447398013527178     
   8.9919238303193196E-004   1.0447396278359979     
   9.1087847981309404E-004   1.0447394498528197     
   9.2271156959631716E-004   1.0447392672891853     
   9.3469350132595417E-004   1.0447390800281999     
   9.4682614720321588E-004   1.0447388879499973     
   9.5911140297870402E-004   1.0447386909316625     
   9.7155118824862889E-004   1.0447384888471651     
   9.8414744675474745E-004   1.0447382815672608     
   9.9690214668807817E-004   1.0447380689594299     
   1.0098172809964358E-003   1.0447378508877800     
   1.0228948676958315E-003   1.0447376272129689     
   1.0361369501857948E-003   1.0447373977921148     
   1.0495455975686550E-003   1.0447371624787010     
   1.0631229049728453E-003   1.0447369211224928     
   1.0768709938802721E-003   1.0447366735694388     
   1.0907920124577969E-003   1.0447364196615709     
   1.1048881358928955E-003   1.0447361592369129     
   1.1191615667335336E-003   1.0447358921293717     
   1.1336145352323188E-003   1.0447356181686343     
   1.1482492996949846E-003   1.0447353371800645     
   1.1630681468332523E-003   1.0447350489845904     
   1.1780733921221372E-003   1.0447347533985918     
   1.1932673801617437E-003   1.0447344502337854     
   1.2086524850436150E-003   1.0447341392971050     
   1.2242311107216908E-003   1.0447338203905858     
   1.2400056913879276E-003   1.0447334933112313     
   1.2559786918526488E-003   1.0447331578508940     
   1.2721526079296742E-003   1.0447328137961420     
   1.2885299668262962E-003   1.0447324609281214     
   1.3051133275381634E-003   1.0447320990224243     
   1.3219052812491251E-003   1.0447317278489454     
   1.3389084517361133E-003   1.0447313471717357     
   1.3561254957791093E-003   1.0447309567488599     
   1.3735591035762724E-003   1.0447305563322382     
   1.3912119991642913E-003   1.0447301456674962     
   1.4090869408440153E-003   1.0447297244938007     
   1.4271867216114498E-003   1.0447292925436984     
   1.4455141695941638E-003   1.0447288495429481     
   1.4640721484931913E-003   1.0447283952103497     
   1.4828635580304928E-003   1.0447279292575615     
   1.5018913344020388E-003   1.0447274513889298     
   1.5211584507366009E-003   1.0447269613012966     
   1.5406679175603054E-003   1.0447264586838061     
   1.5604227832670347E-003   1.0447259432177192     
   1.5804261345947481E-003   1.0447254145762068     
   1.6006810971077872E-003   1.0447248724241489     
   1.6211908356852543E-003   1.0447243164179156     
   1.6419585550155296E-003   1.0447237462051664     
   1.6629875000970099E-003   1.0447231614246151     
   1.6842809567451469E-003   1.0447225617058111     
   1.7058422521058665E-003   1.0447219466689062     
   1.7276747551754343E-003   1.0447213159244129     
   1.7497818773268734E-003   1.0447206690729662     
   1.7721670728429973E-003   1.0447200057050656     
   1.7948338394561468E-003   1.0447193254008249     
   1.8177857188947241E-003   1.0447186277297078     
   1.8410262974365862E-003   1.0447179122502521     
   1.8645592064694134E-003   1.0447171785098042     
   1.8883881230581205E-003   1.0447164260442185     
   1.9125167705194021E-003   1.0447156543775891     
   1.9369489190035184E-003   1.0447148630219318     
   1.9616883860833763E-003   1.0447140514768853     
   1.9867390373510389E-003   1.0447132192294009     
   2.0121047870217327E-003   1.0447123657534159     
   2.0377895985454501E-003   1.0447114905095285     
   2.0637974852262503E-003   1.0447105929446530     
   2.0901325108493396E-003   1.0447096724916811     
   2.1167987903160500E-003   1.0447087285691199     
   2.1438004902868011E-003   1.0447077605807362     
   2.1711418298321480E-003   1.0447067679151676     
   2.1988270810920233E-003   1.0447057499455608     
   2.2268605699432616E-003   1.0447047060291583     
   2.2552466766755301E-003   1.0447036355069070     
   2.2839898366757570E-003   1.0447025377030466     
   2.3130945411211704E-003   1.0447014119246762     
   2.3425653376810567E-003   1.0447002574613333     
   2.3724068312273353E-003   1.0446990735845370     
   2.4026236845540857E-003   1.0446978595473406     
   2.4332206191061173E-003   1.0446966145838557     
   2.4642024157167015E-003   1.0446953379087804     
   2.4955739153545960E-003   1.0446940287169042     
   2.5273400198804427E-003   1.0446926861825998     
   2.5595056928127027E-003   1.0446913094593129     
   2.5920759601032128E-003   1.0446898976790269     
   2.6250559109224992E-003   1.0446884499517204     
   2.6584506984549815E-003   1.0446869653648159     
   2.6922655407041508E-003   1.0446854429825934     
   2.7265057213079055E-003   1.0446838818456248     
   2.7611765903641271E-003   1.0446822809701559     
   2.7962835652666418E-003   1.0446806393474974     
   2.8318321315517082E-003   1.0446789559433955     
   2.8678278437551303E-003   1.0446772296973807     
   2.9042763262801738E-003   1.0446754595221064     
   2.9411832742763885E-003   1.0446736443026630     
   2.9785544545294839E-003   1.0446717828958887     
   3.0163957063624111E-003   1.0446698741296456     
   3.0547129425477562E-003   1.0446679168020920     
   3.0935121502316293E-003   1.0446659096809241     
   3.1327993918691694E-003   1.0446638515026119     
   3.1725808061718098E-003   1.0446617409716004     
   3.2128626090664764E-003   1.0446595767595066     
   3.2536510946668232E-003   1.0446573575042828     
   3.2949526362567095E-003   1.0446550818093649     
   3.3367736872860375E-003   1.0446527482428003     
   3.3791207823791140E-003   1.0446503553363486     
   3.4220005383557078E-003   1.0446479015845676     
   3.4654196552649278E-003   1.0446453854438675     
   3.5093849174321276E-003   1.0446428053315446     
   3.5539031945189684E-003   1.0446401596247932     
   3.5989814425968188E-003   1.0446374466596895     
   3.6446267052336499E-003   1.0446346647301505     
   3.6908461145946213E-003   1.0446318120868652     
   3.7376468925564765E-003   1.0446288869362037     
   3.7850363518359882E-003   1.0446258874390888     
   3.8330218971325851E-003   1.0446228117098535     
   3.8816110262853416E-003   1.0446196578150524     
   3.9308113314445517E-003   1.0446164237722624     
   3.9806305002579919E-003   1.0446131075488323     
   4.0310763170721461E-003   1.0446097070606211     
   4.0821566641485252E-003   1.0446062201706841     
   4.1338795228952792E-003   1.0446026446879444     
   4.1862529751143258E-003   1.0445989783658214     
   4.2392852042641262E-003   1.0445952189008196     
   4.2929844967383784E-003   1.0445913639310971     
   4.3473592431607852E-003   1.0445874110349811     
   4.4024179396960957E-003   1.0445833577294550     
   4.4581691893776703E-003   1.0445792014686113     
   4.5146217034516952E-003   1.0445749396420503     
   4.5717843027383463E-003   1.0445705695732550     
   4.6296659190100614E-003   1.0445660885179160     
   4.6882755963871398E-003   1.0445614936622101     
   4.7476224927509225E-003   1.0445567821210520     
   4.8077158811747041E-003   1.0445519509362793     
   4.8685651513726870E-003   1.0445469970748109     
   4.9301798111671376E-003   1.0445419174267461     
   4.9925694879740003E-003   1.0445367088034208     
   5.0557439303072198E-003   1.0445313679354198     
   5.1197130093019331E-003   1.0445258914705260     
   5.1844867202568813E-003   1.0445202759716286     
   5.2500751841961825E-003   1.0445145179145736     
   5.3164886494507652E-003   1.0445086136859627     
   5.3837374932597035E-003   1.0445025595808941     
   5.4518322233916543E-003   1.0444963518006456     
   5.5207834797867438E-003   1.0444899864503037     
   5.5906020362190643E-003   1.0444834595363266     
   5.6612988019801008E-003   1.0444767669640507     
   5.7328848235833471E-003   1.0444699045351311     
   5.8053712864903169E-003   1.0444628679449197     
   5.8787695168583138E-003   1.0444556527797733     
   5.9530909833101628E-003   1.0444482545142977     
   6.0283472987262008E-003   1.0444406685085204     
   6.1045502220588299E-003   1.0444328900049928     
   6.1817116601698540E-003   1.0444249141258168     
   6.2598436696909635E-003   1.0444167358695977     
   6.3389584589076068E-003   1.0444083501083219     
   6.4190683896665525E-003   1.0443997515841525     
   6.5001859793074801E-003   1.0443909349061462     
   6.5823239026187984E-003   1.0443818945468870     
   6.6654949938181364E-003   1.0443726248390341     
   6.7497122485577080E-003   1.0443631199717824     
   6.8349888259549001E-003   1.0443533739872344     
   6.9213380506484394E-003   1.0443433807766798     
   7.0087734148803578E-003   1.0443331340767839     
   7.0973085806042054E-003   1.0443226274656752     
   7.1869573816197531E-003   1.0443118543589345     
   7.2777338257345430E-003   1.0443008080054905     
   7.3696520969526698E-003   1.0442894814834005     
   7.4627265576910117E-003   1.0442778676955322     
   7.5569717510234214E-003   1.0442659593651347     
   7.6524024029531014E-003   1.0442537490312969     
   7.7490334247135627E-003   1.0442412290442900     
   7.8468799150985674E-003   1.0442283915607979     
   7.9459571628212999E-003   1.0442152285390209     
   8.0462806489032934E-003   1.0442017317336578     
   8.1478660490933563E-003   1.0441878926907640     
   8.2507292363169383E-003   1.0441737027424778     
   8.3548862831563341E-003   1.0441591530016125     
   8.4603534643620162E-003   1.0441442343561129     
   8.5671472593956202E-003   1.0441289374633753     
   8.6752843550048971E-003   1.0441132527444212     
   8.7847816478310303E-003   1.0440971703779196     
   8.8956562470488155E-003   1.0440806802940692     
   9.0079254770399492E-003   1.0440637721683170     
   9.1216068801000302E-003   1.0440464354149226     
   9.2367182191795752E-003   1.0440286591803640     
   9.3532774806595002E-003   1.0440104323365642     
   9.4713028771615717E-003   1.0439917434739636     
   9.5908128503941082E-003   1.0439725808944069     
   9.7118260740335742E-003   1.0439529326038566     
   9.8343614566423626E-003   1.0439327863049148     
   9.9584381446233012E-003   1.0439121293891689     
   1.0084075525211339E-002   1.0438909489293340     
   1.0211293229502797E-002   1.0438692316712017     
   1.0340111135522793E-002   1.0438469640253880     
   1.0470549371331231E-002   1.0438241320588693     
   1.0602628318167820E-002   1.0438007214863068     
   1.0736368613636740E-002   1.0437767176611557     
   1.0871791154931247E-002   1.0437521055665460     
   1.1008917102098937E-002   1.0437268698059379     
   1.1147767881348039E-002   1.0437009945935396     
   1.1288365188395296E-002   1.0436744637444839     
   1.1430730991855998E-002   1.0436472606647602     
   1.1574887536676575E-002   1.0436193683408910     
   1.1720857347610445E-002   1.0435907693293514     
   1.1868663232737539E-002   1.0435614457457190     
   1.2018328287028117E-002   1.0435313792535561     
   1.2169875895951424E-002   1.0435005510530075     
   1.2323329739129673E-002   1.0434689418691163     
   1.2478713794038063E-002   1.0434365319398426     
   1.2636052339751307E-002   1.0434033010037842     
   1.2795369960737267E-002   1.0433692282875888     
   1.2956691550698379E-002   1.0433342924930478     
   1.3120042316461274E-002   1.0432984717838705     
   1.3285447781915444E-002   1.0432617437721201     
   1.3452933792001387E-002   1.0432240855043211     
   1.3622526516748916E-002   1.0431854734472010     
   1.3794252455366338E-002   1.0431458834730940     
   1.3968138440380931E-002   1.0431052908449630     
   1.4144211641831623E-002   1.0430636702010572     
   1.4322499571514370E-002   1.0430209955391780     
   1.4503030087280896E-002   1.0429772402005575     
   1.4685831397391611E-002   1.0429323768533263     
   1.4870932064923119E-002   1.0428863774755739     
   1.5058361012231309E-002   1.0428392133379862     
   1.5248147525470528E-002   1.0427908549860370     
   1.5440321259169578E-002   1.0427412722217526     
   1.5634912240865360E-002   1.0426904340850025     
   1.5831950875794649E-002   1.0426383088343387     
   1.6031467951645024E-002   1.0425848639273427     
   1.6233494643365515E-002   1.0425300660004926     
   1.6438062518037713E-002   1.0424738808485217     
   1.6645203539808258E-002   1.0424162734032636     
   1.6854950074883222E-002   1.0423572077119680     
   1.7067334896585445E-002   1.0422966469150834     
   1.7282391190475411E-002   1.0422345532234747     
   1.7500152559536564E-002   1.0421708878950831     
   1.7720653029425895E-002   1.0421056112109999     
   1.7943927053790415E-002   1.0420386824509462     
   1.8170009519650688E-002   1.0419700598681427     
   1.8398935752851966E-002   1.0418997006635553     
   1.8630741523583936E-002   1.0418275609594974     
   1.8865463051969913E-002   1.0417535957725830     
   1.9103137013726235E-002   1.0416777589860020     
   1.9343800545892981E-002   1.0416000033211084     
   1.9587491252636684E-002   1.0415202803083081     
   1.9834247211126046E-002   1.0414385402572224     
   2.0084106977481649E-002   1.0413547322261079     
   2.0337109592800308E-002   1.0412688039905300     
   2.0593294589255410E-002   1.0411807020112656     
   2.0852701996273856E-002   1.0410903714013500     
   2.1115372346790749E-002   1.0409977558924166     
   2.1381346683582800E-002   1.0409027978001268     
   2.1650666565681240E-002   1.0408054379887721     
   2.1923374074865585E-002   1.0407056158349963     
   2.2199511822238973E-002   1.0406032691906288     
   2.2479122954886219E-002   1.0404983343445968     
   2.2762251162615706E-002   1.0403907459839081     
   2.3048940684785909E-002   1.0402804371536640     
   2.3339236317217935E-002   1.0401673392160957     
   2.3633183419194969E-002   1.0400513818085948     
   2.3930827920549704E-002   1.0399324928007094     
   2.4232216328841091E-002   1.0398105982500903     
   2.4537395736621080E-002   1.0396856223573556     
   2.4846413828793028E-002   1.0395574874198485     
   2.5159318890062541E-002   1.0394261137842689     
   2.5476159812482028E-002   1.0392914197981427     
   2.5796986103090284E-002   1.0391533217601023     
   2.6121847891647915E-002   1.0390117338689822     
   2.6450795938470321E-002   1.0388665681716258     
   2.6783881642359071E-002   1.0387177345094656     
   2.7121157048633038E-002   1.0385651404637792     
   2.7462674857260696E-002   1.0384086912996255     
   2.7808488431094441E-002   1.0382482899084211     
   2.8158651804208745E-002   1.0380838367491203     
   2.8513219690343074E-002   1.0379152297879741     
   2.8872247491450984E-002   1.0377423644368360     
   2.9235791306356895E-002   1.0375651334899660     
   2.9603907939521498E-002   1.0373834270593285     
   2.9976654909917664E-002   1.0371971325083178     
   3.0354090460017875E-002   1.0370061343838912     
   3.0736273564894705E-002   1.0368103143470795     
   3.1123263941435907E-002   1.0366095511018159     
   3.1515122057675121E-002   1.0364037203220926     
   3.1911909142240263E-002   1.0361926945773354     
   3.2313687193920554E-002   1.0359763432560156     
   3.2720518991353961E-002   1.0357545324874424     
   3.3132468102836606E-002   1.0355271250616893     
   3.3549598896255250E-002   1.0352939803476218     
   3.3971976549145001E-002   1.0350549542089775     
   3.4399667058873491E-002   1.0348098989184611     
   3.4832737252952946E-002   1.0345586630698096     
   3.5271254799482357E-002   1.0343010914877815     
   3.5715288217720513E-002   1.0340370251360282     
   3.6164906888792391E-002   1.0337663010228091     
   3.6620181066530109E-002   1.0334887521044809     
   3.7081181888450186E-002   1.0332042071867147     
   3.7547981386868996E-002   1.0329124908234650     
   3.8020652500157862E-002   1.0326134232135369     
   3.8499269084139892E-002   1.0323068200947605     
   3.8983905923630074E-002   1.0319924926357193     
   3.9474638744120570E-002   1.0316702473249684     
   3.9971544223613036E-002   1.0313398858577010     
   4.0474700004599566E-002   1.0310012050198114     
   4.0984184706194630E-002   1.0306539965692914     
   4.1500077936419404E-002   1.0302980471149068     
   4.2022460304640664E-002   1.0299331379921612     
   4.2551413434166310E-002   1.0295590451363614     
   4.3087019974998968E-002   1.0291755389528463     
   4.3629363616750336E-002   1.0287823841842836     
   4.4178529101717844E-002   1.0283793397749741     
   4.4734602238125760E-002   1.0279661587321145     
   4.5297669913533074E-002   1.0275425879839497     
   4.5867820108409597E-002   1.0271083682347770     
   4.6445141909883254E-002   1.0266632338167263     
   4.7029725525660100E-002   1.0262069125382594     
   4.7621662298119406E-002   1.0257391255293293     
   4.8221044718586251E-002   1.0252595870831713     
   4.8827966441783249E-002   1.0247680044946166     
   4.9442522300464434E-002   1.0242640778948995     
   5.0064808320233058E-002   1.0237475000828944     
   5.0694921734545713E-002   1.0232179563527137     
   5.1332960999905447E-002   1.0226751243176222     
   5.1979025811245527E-002   1.0221186737301877     
   5.2633217117507160E-002   1.0215482662986506     
   5.3295637137412907E-002   1.0209635554993846     
   5.3966389375438538E-002   1.0203641863854551     
   5.4645578637985991E-002   1.0197497953911812     
   5.5333311049759325E-002   1.0191200101326601     
   5.6029694070347059E-002   1.0184744492041882     
   5.6734836511012993E-002   1.0178127219705300     
   5.7448848551698031E-002   1.0171344283549786     
   5.8171841758236302E-002   1.0164391586231152     
   5.8903929099787228E-002   1.0157264931623158     
   5.9645224966487366E-002   1.0149960022568467     
   6.0395845187324063E-002   1.0142472458585525     
   6.1155907048233919E-002   1.0134797733530811     
   6.1925529310429155E-002   1.0126931233215910     
   6.2704832228954024E-002   1.0118868232979026     
   6.3493937571475034E-002   1.0110603895210839     
   6.4292968637307393E-002   1.0102133266833857     
   6.5102050276680729E-002   1.0093451276734708     
   6.5921308910247403E-002   1.0084552733149847     
   6.6750872548835632E-002   1.0075432321003888     
   6.7590870813451734E-002   1.0066084599200289     
   6.8441434955533509E-002   1.0056503997864632     
   6.9302697877458616E-002   1.0046684815538902     
   7.0174794153310946E-002   1.0036621216329096     
   7.1057860049907856E-002   1.0026307227004092     
   7.1952033548092306E-002   1.0015736734046372     
   7.2857454364292570E-002   1.0004903480654672     
   7.3774263972353246E-002  0.99938010636984853     
   7.4702605625640961E-002  0.99824229306259038     
   7.5642624379427717E-002  0.99707623763220399     
   7.6594467113556261E-002  0.99588125399215011     
   7.7558282555390337E-002  0.99465664015736721     
   7.8534221303053570E-002  0.99340167791618961     
   7.9522435848960987E-002  0.99211563249766266     
   8.0523080603645852E-002  0.99079775223434963     
   8.1536311919886903E-002  0.98944726822078277     
   8.2562288117138755E-002  0.98806339396753118     
   8.3601169506269501E-002  0.98664532505105274     
   8.4653118414609971E-002  0.98519223875943707     
   8.5718299211317239E-002  0.98370329373419219     
   8.6796878333057895E-002  0.98217762960817312     
   8.7889024310014094E-002  0.98061436663984447     
   8.8994907792216679E-002  0.97901260534405798     
   9.0114701576209891E-002  0.97737142611952654     
   9.1248580632050394E-002  0.97568988887322339     
   9.2396722130647729E-002  0.97396703264191653     
   9.3559305471447127E-002  0.97220187521111789     
   9.4736512310460555E-002  0.97039341273170587     
   9.5928526588651988E-002  0.96854061933453239     
   9.7135534560677209E-002  0.96664244674332089     
   9.8357724823987733E-002  0.96469782388623382     
   9.9595288348298894E-002  0.96270565650646711     
  0.10084841850542889       0.96066482677227516     
  0.10211731109951465       0.95857419288687573     
  0.10340216439760519       0.95643258869870196     
  0.10470317916064259       0.95423882331249177     
  0.10602055867483069       0.95199168070177231     
  0.10735450878339844       0.94968991932330282     
  0.10870523791876463       0.94733227173410794     
  0.11007295713510434       0.94491744421174040     
  0.11145788014132799       0.94244411637847791     
  0.11286022333447314       0.93991094083023397     
  0.11428020583351638       0.93731654277091436     
  0.11571804951361260       0.93465951965316008     
  0.11717397904076171       0.93193844082632060     
  0.11864822190691464       0.92915184719260291     
  0.12014100846551883       0.92629825087251105     
  0.12165257196751068       0.92337613488049286     
  0.12318314859776318       0.92038395281208107     
  0.12473297751198829       0.91732012854370637     
  0.12630230087410727       0.91418305594639016     
  0.12789136389408848       0.91097109861486880     
  0.12950041486626132       0.90768258961339410     
  0.13112970520811426       0.90431583123984371     
  0.13277948949957760       0.90086909480975264     
  0.13445002552280358       0.89734062046184804     
  0.13614157430244486       0.89372861698704964     
  0.13785440014643921       0.89003126168270930     
  0.13958877068731007       0.88624670023414975     
  0.14134495692398250       0.88237304662563509     
  0.14312323326412923       0.87840838308290814     
  0.14492387756704667       0.87435076004972156     
  0.14674717118706998       0.87019819620074212     
  0.14859339901753735       0.86594867849346036     
  0.15046284953530298       0.86160016226182590     
  0.15235581484581392       0.85715057135449091     
  0.15427259072875152       0.85259779832065097     
  0.15621347668424662       0.84793970464665147     
  0.15817877597967908       0.84317412104663414     
  0.16016879569706169       0.83829884781075736     
  0.16218384678102432       0.83331165521460415     
  0.16422424408739877       0.82821028399362495     
  0.16629030643241480       0.82299244588660680     
  0.16838235664251786       0.81765582425236305     
  0.17050072160480892       0.81219807476407280     
  0.17264573231812358       0.80661682618581942     
  0.17481772394475009       0.80090968123616946     
  0.17701703586279852       0.79507421754379159     
  0.17924401171923113       0.78910798870037746     
  0.18149899948355575       0.78300852541634969     
  0.18378235150219863       0.77677333678506155     
  0.18609442455355854       0.77039991166146149     
  0.18843557990375309       0.76388572016145806     
  0.19080618336306945       0.75722821528844375     
  0.19320660534312056       0.75042483469378429     
  0.19563722091472482       0.74347300257817395     
  0.19809840986651078       0.73637013174126520     
  0.20059055676425877       0.72911362578708960     
  0.20311405101099256       0.72170088149328193     
  0.20566928690782163       0.71412929135219239     
  0.20825666371555382       0.70639624629238407     
  0.21087658571707979       0.69849913858936252     
  0.21352946228054187       0.69043536497461733     
  0.21621570792330111       0.68220232995241614     
  0.21893574237670363       0.67379744933404018     
  0.22168999065166714       0.66521815399965001     
  0.22447888310508854       0.65646189389812382     
  0.22730285550708698       0.64752614229564853     
  0.23016234910909641       0.63840840028423795     
  0.23305781071280907       0.62910620156132924     
  0.23598969273999179       0.61961711749210124     
  0.23895845330317672       0.60993876246672196     
  0.24196455627724101       0.60006879956469894     
  0.24500847137189111       0.59000494653914870     
  0.24809067420505262       0.57974498213405856     
  0.25121164637718951       0.56928675274701213     
  0.25437187554655372       0.55862817945093524     
  0.25757185550538170       0.54776726538934084     
  0.26081208625705316       0.53670210355858461     
  0.26409307409421451       0.52543088499064627     
  0.26741533167789105       0.51395190735108665     
  0.27077937811758990       0.50226358396666915     
  0.27418573905241039       0.49036445329688899     
  0.27763494673317995       0.47825318886416252     
  0.28112754010561514       0.46592860965709276     
  0.28466406489453666       0.45338969102075710     
  0.28824507368913838       0.44063557604890186     
  0.29187112602932902       0.42766558749275974     
  0.29554278849316518       0.41447924019949900     
  0.29926063478537568       0.40107625409339898     
  0.30302524582700829       0.38745656771415066     
  0.30683720984619789       0.37362035232525176     
  0.31069712247007703       0.35956802660331555     
  0.31460558681784728       0.34530027191973561     
  0.31856321359501366       0.33081804822592581     
  0.32257062118881258       0.31612261055129509     
  0.32662843576483425       0.30121552612230518     
  0.33073729136486063       0.28609869210976840     
  0.33489783000594009       0.27077435400964250     
  0.33911070178069863       0.25524512466142668     
  0.34337656495892294       0.23951400390634656     
  0.34769608609041408       0.22358439888528575     
  0.35206994010913584       0.20746014497384307     
  0.35649881043867848       0.19114552734979948     
  0.36098338909904043       0.17464530318554783     
  0.36552437681476191       0.15796472445432391     
  0.37012248312441287       0.14110956133568645     
  0.37477842649145782       0.12408612620257821     
  0.37949293441652171       0.10690129816788853     
  0.38426674355105828        8.9562548163664879E-002
  0.38910059981245781        7.2077964521231289E-002
  0.39399525850059652        5.4456279015814547E-002
  0.39895148441585121        3.6706893333348686E-002
  0.40397005197860603        1.8839905909909214E-002
  0.40905174535025168        8.6613908809908330E-004
  0.41419735855571693       -1.7202833470880138E-002
  0.41940769560753471       -3.5354659190125155E-002
  0.42468357063146839       -5.3576178875499758E-002
  0.43002580799372586       -7.1853398995898127E-002
  0.43543524242976228       -9.0171464041729640E-002
  0.44091271917471536      -0.10851462906984438     
  0.44645909409546902      -0.12686623255458807     
  0.45207523382438952      -0.14520866967001947     
  0.45776201589473658      -0.16352336615261184     
  0.46352032887777678      -0.18179075288945312     
  0.46935107252163077      -0.19999024141034444     
  0.47525515789185407      -0.21810020045696529     
  0.48123350751379840      -0.23609793383621017     
  0.48728705551675627      -0.25395965976195556     
  0.49341674777991729      -0.27166049192337183     
  0.49962354208017040      -0.28917442252198000     
  0.50590840824175110      -0.30647430754363059     
  0.51227232828778446      -0.32353185455149930     
  0.51871629659372642      -0.34031761330056698     
  0.52524132004273316      -0.35680096949655754     
  0.53184841818299544      -0.37295014204434535     
  0.53853862338703840      -0.38873218414703353     
  0.54531298101303738      -0.40411298864164269     
  0.55217254956815476      -0.41905729797695129     
  0.55911840087393150      -0.43352871925934544     
  0.56615162023376731      -0.44748974481785281     
  0.57327330660249443      -0.46090177875402311     
  0.58048457275809817      -0.47372516996661107     
  0.58778654547558784      -0.48591925216355925     
  0.59518036570305455      -0.49744239138386764     
  0.60266718873995362      -0.50825204157885784     
  0.61024818441761453      -0.51830480881280150     
  0.61792453728203656      -0.52755652465656122     
  0.62569744677897376      -0.53596232936292043     
  0.63356812744134683      -0.54347676541804912     
  0.64153780907902436      -0.55005388206971362     
  0.64960773697097474      -0.55564735143458666     
  0.65777917205985037      -0.56021059678452334     
  0.66605339114900985      -0.56369693360200812     
  0.67443168710201784      -0.56605972398378879     
  0.68291536904466521      -0.56725254494836885     
  0.69150576256951291      -0.56722937117842653     
  0.70020420994302790      -0.56594477269089649     
  0.70901207031531066      -0.56335412788379868     
  0.71793071993246171      -0.55941385235415253     
  0.72696155235163118      -0.55408164381555369     
  0.73610597865875549      -0.54731674336417269     
  0.74536542768905090      -0.53908021325470601     
  0.75474134625026812      -0.52933523123851300     
  0.76423519934875517      -0.51804740139947680     
  0.77384847041837690      -0.50518508128413586     
  0.78358266155229339      -0.49071972496823063     
  0.79343929373767519      -0.47462624153356958     
  0.80341990709335609      -0.45688336823023395     
  0.81352606111047565      -0.43747405739253725     
  0.82375933489616326      -0.41638587594270993     
  0.83412132742026479      -0.39361141605760203     
  0.84461365776519504      -0.36914871530145321     
  0.85523796537891905      -0.34300168422520283     
  0.86599591033111334      -0.31518053910811838     
  0.87688917357256724      -0.28570223717921334     
  0.88791945719782150      -0.25459091128458733     
  0.89908848471113556      -0.22187830058203084     
  0.91039800129578341      -0.18760417344169752     
  0.92184977408673763      -0.15181673830818518     
  0.93344559244679892      -0.11457303784553546     
  0.94518726824617449       -7.5939321240973606E-002
  0.95707663614559846       -3.5991389098285573E-002
  0.96911555388299564        5.1850951077403304E-003
  0.98130590256375283        4.7494333478776525E-002
  0.99364958695465599        9.0830168945274556E-002
   1.0061485357815012       0.13507591462626972     
   1.0188047020304738       0.18010424498962829     
   1.0316200632533012       0.22577715682169744     
   1.0445966218762437       0.27194600834423865     
   1.0577364055129910       0.31845164493534028     
   1.0710414672814659       0.36512462019874792     
   1.0845138861246404       0.41178552096192594     
   1.0981557671353708       0.45824540491889237     
   1.1119692418853160       0.50430635922782652     
   1.1259564687580133       0.54976218815371936     
   1.1401196332861141       0.59439923723065835     
   1.1544609484928940       0.63799736070668622     
   1.1689826552380334       0.68033103813923190     
   1.1836870225677518       0.72117064478074178     
   1.1985763480693650       0.76028387900621031     
   1.2136529582302706       0.79743734835295366     
   1.2289192088014820       0.83239831377964935     
   1.2443774851657130       0.86493658944698193     
   1.2600302027100911       0.89482659284600574     
   1.2758798072035826       0.92184953712826045     
   1.2919287751791315       0.94579575441993913     
   1.3081796143206377       0.96646713537786733     
   1.3246348638547827       0.98367966652769701     
   1.3412970949477794       0.99726604297023236     
   1.3581689111071404        1.0070783298177710     
   1.3752529485884624        1.0129906414070387     
   1.3925518768073613        1.0149018029011714     
   1.4100683987565692        1.0127379544346451     
   1.4278052514282731        1.0064550536161947     
   1.4457652062417938       0.99604122799803196     
   1.4639510694766060       0.98151892528745177     
   1.4823656827108418       0.96294680564543234     
   1.5010119232652865       0.94042131762762726     
   1.5198927046529580       0.91407789727109912     
   1.5390109770343658       0.88409172875316644     
   1.5583697276784616       0.85067800506644442     
   1.5779719814294209       0.81409162852618278     
   1.5978208011792767       0.77462629370146385     
   1.6179192883464923       0.73261289992070822     
   1.6382705833605835       0.68841724673849058     
   1.6588778661527959       0.64243697399725397     
   1.6797443566529942       0.59509771839540671     
   1.7008733152927751       0.54684847074789833     
   1.7222680435149078       0.49815613252461016     
   1.7439318842892104       0.44949928655802207     
   1.7658682226348739       0.40136121495211391     
   1.7880804861493969       0.35422221690890177     
   1.8105721455441484       0.30855130004521925     
   1.8333467151866620       0.26479734040816222     
   1.8564077536497863       0.22337982816717553     
   1.8797588642676921       0.18467933732090644     
   1.9034036956989253       0.14902787780031207     
   1.9273459424965063       0.11669930636380720     
   1.9515893456852009        8.7899985416218532E-002
   1.9761376933460879        6.2759895703501448E-002
   2.0009948212084270        4.1324500357587411E-002
   2.0261646132490214        2.3547611882766321E-002
   2.0516510022990899        9.2989163896246771E-003
   2.0774579706587675       -1.6186311489860747E-003
   2.1035895507193709       -9.4614624207011930E-003
   2.1300498255934435       -1.4539927992959551E-002
   2.1568429297527714       -1.7210644215785064E-002
   2.1839730496743943       -1.7867126754536004E-002
   2.2114444244947387       -1.6928768793655166E-002
   2.2392613466720199       -1.4828367193772589E-002
   2.2674281626569135       -1.1998476743141291E-002
   2.2959492735717268       -8.8569527280651494E-003
   2.3248291358980713       -5.7921218840923556E-003
   2.3540722621731840       -3.1492512672983536E-003
   2.3836832216950490       -1.2028622200612117E-003
   2.4136666412363272       -2.2581391262302235E-004
   2.4440272057673278       -1.2626214206739237E-005
   2.4747696591880324        0.0000000000000000     
